IX 0 9999 650
IX 10000 19999 179
IX 20000 29999 309
IX 30000 39999 21
IX 40000 49999 8
IX 50000 59999 15
IX 60000 69999 55
IX 70000 79999 6
IX 80000 89999 9
IX 90000 99999 19
IX 100000 109999 13
IX 110000 119999 17
IX 120000 129999 29
IX 130000 139999 23
IX 140000 149999 9
IX 150000 159999 27
IX 160000 169999 10
IX 170000 179999 49
IX 180000 189999 39
IX 190000 199999 1199
IX 200000 209999 202
IX 210000 219999 213
IX 220000 229999 8
IX 230000 239999 7
IX 240000 249999 867
IX 250000 259999 39
IX 260000 269999 13
IX 270000 279999 8
IX 280000 289999 20
IX 290000 299999 13
IX 300000 309999 797
IX 310000 319999 19
IX 320000 329999 943
IX 330000 339999 113
IX 340000 349999 3
IX 350000 359999 64
IX 360000 369999 8
IX 370000 379999 212
IX 380000 389999 32
IX 390000 399999 207
IX 400000 409999 12
IX 410000 419999 237
IX 420000 429999 126
IX 430000 439888 310
III 0 9999 225
III 10000 19999 59
III 20000 29999 16
III 30000 39999 12
III 40000 49999 21
III 50000 59999 39
III 60000 69999 19
III 70000 79999 225
III 80000 89999 4228
III 90000 99999 674
III 100000 109999 18
III 110000 119999 40
III 120000 129999 999
III 130000 139999 67
III 140000 149999 1519
III 150000 159999 1066
III 160000 169999 2532
III 170000 179999 11
III 180000 189999 7
III 190000 199999 38
III 200000 209999 36
III 210000 219999 14
III 220000 229999 35
III 230000 239999 17
III 240000 249999 25
III 250000 259999 9
III 260000 269999 37
III 270000 279999 21
III 280000 289999 2
III 290000 299999 1265
III 300000 309999 167
III 310000 316620 174
V 0 9999 602
V 10000 19999 18
V 20000 29999 37
V 30000 39999 44
V 40000 49999 7
V 50000 59999 13
V 60000 69999 1384
V 70000 79999 26
V 80000 89999 106
V 90000 99999 117
V 100000 109999 23
V 110000 119999 19
V 120000 129999 14
V 130000 139999 1717
V 140000 149999 17
V 150000 159999 43
V 160000 169999 4
V 170000 179999 603
V 180000 189999 1
V 190000 199999 6
V 200000 209999 58
V 210000 219999 13
V 220000 229999 20
V 230000 239999 18
V 240000 249999 472
V 250000 259999 202
V 260000 269999 15
V 270000 279999 25
V 280000 289999 112
V 290000 299999 8
V 300000 309999 26
V 310000 319999 750
V 320000 329999 14
V 330000 339999 24
V 340000 349999 9
V 350000 359999 495
V 360000 369999 129
V 370000 379999 17
V 380000 389999 19
V 390000 399999 24
V 400000 409999 21
V 410000 419999 6
V 420000 429999 13
V 430000 439999 1911
V 440000 449999 2680
V 450000 459999 1
V 460000 469999 144
V 470000 479999 14
V 480000 489999 823
V 490000 499999 1698
V 500000 509999 10
V 510000 519999 15
V 520000 529999 366
V 530000 539999 17
V 540000 549999 23
V 550000 559999 525
V 560000 569999 141
V 570000 576874 385
VIII 0 9999 821
VIII 10000 19999 145
VIII 20000 29999 5
VIII 30000 39999 34
VIII 40000 49999 2
VIII 50000 59999 19
VIII 60000 69999 66
VIII 70000 79999 12
VIII 80000 89999 304
VIII 90000 99999 899
VIII 100000 109999 54
VIII 110000 119999 936
VIII 120000 129999 18
VIII 130000 139999 1514
VIII 140000 149999 230
VIII 150000 159999 7
VIII 160000 169999 22
VIII 170000 179999 6
VIII 180000 189999 4
VIII 190000 199999 21
VIII 200000 209999 12
VIII 210000 219999 57
VIII 220000 229999 13
VIII 230000 239999 268
VIII 240000 249999 1
VIII 250000 259999 10
VIII 260000 269999 7
VIII 270000 279999 38
VIII 280000 289999 327
VIII 290000 299999 525
VIII 300000 309999 0
VIII 310000 319999 4
VIII 320000 329999 20
VIII 330000 339999 1
VIII 340000 349999 30
VIII 350000 359999 236
VIII 360000 369999 21
VIII 370000 379999 28
VIII 380000 389999 1151
VIII 390000 399999 11
VIII 400000 409999 3
VIII 410000 419999 9
VIII 420000 429999 22
VIII 430000 439999 1
VIII 440000 449999 7
VIII 450000 459999 23
VIII 460000 469999 1434
VIII 470000 479999 34
VIII 480000 489999 4
VIII 490000 499999 2
VIII 500000 509999 39
VIII 510000 519999 53
VIII 520000 529999 718
VIII 530000 539999 409
VIII 540000 549999 2012
VIII 550000 559999 476
VIII 560000 562643 118
XIV 0 9999 494
XIV 10000 19999 50
XIV 20000 29999 4
XIV 30000 39999 8
XIV 40000 49999 5
XIV 50000 59999 15
XIV 60000 69999 27
XIV 70000 79999 6
XIV 80000 89999 6
XIV 90000 99999 989
XIV 100000 109999 1139
XIV 110000 119999 6
XIV 120000 129999 9
XIV 130000 139999 55
XIV 140000 149999 21
XIV 150000 159999 5
XIV 160000 169999 6
XIV 170000 179999 10
XIV 180000 189999 13
XIV 190000 199999 16
XIV 200000 209999 10
XIV 210000 219999 25
XIV 220000 229999 58
XIV 230000 239999 7
XIV 240000 249999 9
XIV 250000 259999 219
XIV 260000 269999 11
XIV 270000 279999 6
XIV 280000 289999 28
XIV 290000 299999 8
XIV 300000 309999 5
XIV 310000 319999 8
XIV 320000 329999 10
XIV 330000 339999 10
XIV 340000 349999 36
XIV 350000 359999 27
XIV 360000 369999 1
XIV 370000 379999 98
XIV 380000 389999 10
XIV 390000 399999 30
XIV 400000 409999 27
XIV 410000 419999 50
XIV 420000 429999 26
XIV 430000 439999 10
XIV 440000 449999 85
XIV 450000 459999 37
XIV 460000 469999 53
XIV 470000 479999 64
XIV 480000 489999 10
XIV 490000 499999 29
XIV 500000 509999 9
XIV 510000 519999 849
XIV 520000 529999 929
XIV 530000 539999 22
XIV 540000 549999 225
XIV 550000 559999 8
XIV 560000 569999 2137
XIV 570000 579999 21
XIV 580000 589999 3
XIV 590000 599999 6
XIV 600000 609999 92
XIV 610000 619999 10
XIV 620000 629999 50
XIV 630000 639999 881
XIV 640000 649999 9
XIV 650000 659999 12
XIV 660000 669999 81
XIV 670000 679999 15
XIV 680000 689999 12
XIV 690000 699999 10
XIV 700000 709999 27
XIV 710000 719999 137
XIV 720000 729999 1022
XIV 730000 739999 4
XIV 740000 749999 8
XIV 750000 759999 30
XIV 760000 769999 26
XIV 770000 779999 47
XIV 780000 784333 273
XV 0 9999 993
XV 10000 19999 497
XV 20000 29999 338
XV 30000 39999 147
XV 40000 49999 22
XV 50000 59999 7
XV 60000 69999 13
XV 70000 79999 28
XV 80000 89999 15
XV 90000 99999 18
XV 100000 109999 20
XV 110000 119999 1831
XV 120000 129999 912
XV 130000 139999 11
XV 140000 149999 41
XV 150000 159999 56
XV 160000 169999 72
XV 170000 179999 7
XV 180000 189999 4
XV 190000 199999 2
XV 200000 209999 17
XV 210000 219999 94
XV 220000 229999 1016
XV 230000 239999 49
XV 240000 249999 10
XV 250000 259999 34
XV 260000 269999 8
XV 270000 279999 14
XV 280000 289999 84
XV 290000 299999 0
XV 300000 309999 311
XV 310000 319999 7
XV 320000 329999 74
XV 330000 339999 10
XV 340000 349999 150
XV 350000 359999 377
XV 360000 369999 18
XV 370000 379999 2
XV 380000 389999 8
XV 390000 399999 10
XV 400000 409999 18
XV 410000 419999 11
XV 420000 429999 20
XV 430000 439999 46
XV 440000 449999 14
XV 450000 459999 8
XV 460000 469999 61
XV 470000 479999 9
XV 480000 489999 35
XV 490000 499999 41
XV 500000 509999 9
XV 510000 519999 39
XV 520000 529999 23
XV 530000 539999 22
XV 540000 549999 12
XV 550000 559999 27
XV 560000 569999 2
XV 570000 579999 71
XV 580000 589999 10
XV 590000 599999 1655
XV 600000 609999 761
XV 610000 619999 4
XV 620000 629999 37
XV 630000 639999 13
XV 640000 649999 10
XV 650000 659999 12
XV 660000 669999 1787
XV 670000 679999 11
XV 680000 689999 20
XV 690000 699999 15
XV 700000 709999 2758
XV 710000 719999 106
XV 720000 729999 55
XV 730000 739999 15
XV 740000 749999 2
XV 750000 759999 5
XV 760000 769999 18
XV 770000 779999 23
XV 780000 789999 26
XV 790000 799999 12
XV 800000 809999 2
XV 810000 819999 47
XV 820000 829999 31
XV 830000 839999 11
XV 840000 849999 2
XV 850000 859999 219
XV 860000 869999 24
XV 870000 879999 22
XV 880000 889999 15
XV 890000 899999 10
XV 900000 909999 44
XV 910000 919999 14
XV 920000 929999 29
XV 930000 939999 38
XV 940000 949999 15
XV 950000 959999 21
XV 960000 969999 233
XV 970000 979999 1951
XV 980000 989999 999
XV 990000 999999 16
XV 1000000 1009999 19
XV 1010000 1019999 19
XV 1020000 1029999 4
XV 1030000 1039999 13
XV 1040000 1049999 44
XV 1050000 1059999 14
XV 1060000 1069999 90
XV 1070000 1079999 53
XV 1080000 1089999 552
XV 1090000 1091291 38
XI 0 9999 282
XI 10000 19999 58
XI 20000 29999 14
XI 30000 39999 21
XI 40000 49999 23
XI 50000 59999 24
XI 60000 69999 16
XI 70000 79999 38
XI 80000 89999 42
XI 90000 99999 15
XI 100000 109999 13
XI 110000 119999 27
XI 120000 129999 13
XI 130000 139999 25
XI 140000 149999 488
XI 150000 159999 16
XI 160000 169999 711
XI 170000 179999 18
XI 180000 189999 9
XI 190000 199999 8
XI 200000 209999 236
XI 210000 219999 412
XI 220000 229999 26
XI 230000 239999 35
XI 240000 249999 24
XI 250000 259999 62
XI 260000 269999 20
XI 270000 279999 17
XI 280000 289999 50
XI 290000 299999 21
XI 300000 309999 780
XI 310000 319999 1665
XI 320000 329999 61
XI 330000 339999 32
XI 340000 349999 17
XI 350000 359999 6
XI 360000 369999 8
XI 370000 379999 64
XI 380000 389999 30
XI 390000 399999 14
XI 400000 409999 33
XI 410000 419999 1
XI 420000 429999 15
XI 430000 439999 23
XI 440000 449999 42
XI 450000 459999 941
XI 460000 469999 14
XI 470000 479999 17
XI 480000 489999 2
XI 490000 499999 65
XI 500000 509999 9
XI 510000 519999 1685
XI 520000 529999 36
XI 530000 539999 14
XI 540000 549999 2
XI 550000 559999 53
XI 560000 569999 103
XI 570000 579999 34
XI 580000 589999 9
XI 590000 599999 4
XI 600000 609999 13
XI 610000 619999 66
XI 620000 629999 4
XI 630000 639999 7
XI 640000 649999 170
XI 650000 659999 12
XI 660000 666816 260
IV 0 9999 306
IV 10000 19999 65
IV 20000 29999 3
IV 30000 39999 6
IV 40000 49999 203
IV 50000 59999 6
IV 60000 69999 11
IV 70000 79999 3
IV 80000 89999 62
IV 90000 99999 12
IV 100000 109999 8
IV 110000 119999 31
IV 120000 129999 24
IV 130000 139999 17
IV 140000 149999 22
IV 150000 159999 19
IV 160000 169999 31
IV 170000 179999 14
IV 180000 189999 8
IV 190000 199999 8
IV 200000 209999 11
IV 210000 219999 19
IV 220000 229999 49
IV 230000 239999 56
IV 240000 249999 10
IV 250000 259999 1
IV 260000 269999 7
IV 270000 279999 16
IV 280000 289999 17
IV 290000 299999 6
IV 300000 309999 32
IV 310000 319999 5
IV 320000 329999 29
IV 330000 339999 30
IV 340000 349999 32
IV 350000 359999 46
IV 360000 369999 18
IV 370000 379999 19
IV 380000 389999 69
IV 390000 399999 15
IV 400000 409999 13
IV 410000 419999 138
IV 420000 429999 26
IV 430000 439999 1777
IV 440000 449999 69
IV 450000 459999 16
IV 460000 469999 26
IV 470000 479999 10
IV 480000 489999 13
IV 490000 499999 27
IV 500000 509999 34
IV 510000 519999 2443
IV 520000 529999 1759
IV 530000 539999 73
IV 540000 549999 29
IV 550000 559999 21
IV 560000 569999 124
IV 570000 579999 28
IV 580000 589999 34
IV 590000 599999 11
IV 600000 609999 100
IV 610000 619999 29
IV 620000 629999 27
IV 630000 639999 20
IV 640000 649999 1116
IV 650000 659999 1323
IV 660000 669999 371
IV 670000 679999 8
IV 680000 689999 13
IV 690000 699999 8
IV 700000 709999 2
IV 710000 719999 2
IV 720000 729999 15
IV 730000 739999 7
IV 740000 749999 21
IV 750000 759999 42
IV 760000 769999 48
IV 770000 779999 16
IV 780000 789999 8
IV 790000 799999 8
IV 800000 809999 1086
IV 810000 819999 24
IV 820000 829999 8
IV 830000 839999 17
IV 840000 849999 9
IV 850000 859999 7
IV 860000 869999 15
IV 870000 879999 3495
IV 880000 889999 920
IV 890000 899999 28
IV 900000 909999 1
IV 910000 919999 32
IV 920000 929999 17
IV 930000 939999 13
IV 940000 949999 295
IV 950000 959999 4
IV 960000 969999 19
IV 970000 979999 7
IV 980000 989999 2722
IV 990000 999999 1294
IV 1000000 1009999 14
IV 1010000 1019999 86
IV 1020000 1029999 190
IV 1030000 1039999 3
IV 1040000 1049999 9
IV 1050000 1059999 14
IV 1060000 1069999 1
IV 1070000 1079999 34
IV 1080000 1089999 19
IV 1090000 1099999 962
IV 1100000 1109999 761
IV 1110000 1119999 3
IV 1120000 1129999 6
IV 1130000 1139999 7
IV 1140000 1149999 1
IV 1150000 1159999 1278
IV 1160000 1169999 412
IV 1170000 1179999 1282
IV 1180000 1189999 9
IV 1190000 1199999 1
IV 1200000 1209999 975
IV 1210000 1219999 787
IV 1220000 1229999 9
IV 1230000 1239999 25
IV 1240000 1249999 31
IV 1250000 1259999 12
IV 1260000 1269999 5
IV 1270000 1279999 90
IV 1280000 1289999 35
IV 1290000 1299999 4
IV 1300000 1309999 66
IV 1310000 1319999 3
IV 1320000 1329999 3
IV 1330000 1339999 19
IV 1340000 1349999 11
IV 1350000 1359999 892
IV 1360000 1369999 25
IV 1370000 1379999 1
IV 1380000 1389999 20
IV 1390000 1399999 7
IV 1400000 1409999 11
IV 1410000 1419999 18
IV 1420000 1429999 32
IV 1430000 1439999 13
IV 1440000 1449999 29
IV 1450000 1459999 32
IV 1460000 1469999 118
IV 1470000 1479999 18
IV 1480000 1489999 8
IV 1490000 1499999 10
IV 1500000 1509999 47
IV 1510000 1519999 80
IV 1520000 1529999 473
IV 1530000 1531933 98
X 0 9999 632
X 10000 19999 173
X 20000 29999 453
X 30000 39999 1
X 40000 49999 7
X 50000 59999 667
X 60000 69999 15
X 70000 79999 19
X 80000 89999 4
X 90000 99999 33
X 100000 109999 5
X 110000 119999 94
X 120000 129999 217
X 130000 139999 8
X 140000 149999 8
X 150000 159999 70
X 160000 169999 29
X 170000 179999 50
X 180000 189999 19
X 190000 199999 470
X 200000 209999 1743
X 210000 219999 2
X 220000 229999 20
X 230000 239999 16
X 240000 249999 6
X 250000 259999 7
X 260000 269999 9
X 270000 279999 12
X 280000 289999 10
X 290000 299999 7
X 300000 309999 10
X 310000 319999 13
X 320000 329999 7
X 330000 339999 31
X 340000 349999 12
X 350000 359999 2078
X 360000 369999 9
X 370000 379999 379
X 380000 389999 348
X 390000 399999 88
X 400000 409999 12
X 410000 419999 404
X 420000 429999 67
X 430000 439999 61
X 440000 449999 2
X 450000 459999 45
X 460000 469999 13
X 470000 479999 1625
X 480000 489999 882
X 490000 499999 1
X 500000 509999 0
X 510000 519999 97
X 520000 529999 370
X 530000 539999 1379
X 540000 549999 2366
X 550000 559999 5
X 560000 569999 18
X 570000 579999 8
X 580000 589999 17
X 590000 599999 16
X 600000 609999 50
X 610000 619999 26
X 620000 629999 3
X 630000 639999 40
X 640000 649999 10
X 650000 659999 8
X 660000 669999 15
X 670000 679999 7
X 680000 689999 1
X 690000 699999 1
X 700000 709999 131
X 710000 719999 86
X 720000 729999 32
X 730000 739999 118
X 740000 745751 199
MT 0 9999 1006
MT 10000 19999 550
MT 20000 29999 255
MT 30000 39999 593
MT 40000 49999 668
MT 50000 59999 790
MT 60000 69999 833
MT 70000 79999 708
MT 80000 85779 568
XII 0 9999 632
XII 10000 19999 349
XII 20000 29999 2
XII 30000 39999 13
XII 40000 49999 44
XII 50000 59999 14
XII 60000 69999 127
XII 70000 79999 35
XII 80000 89999 21
XII 90000 99999 1268
XII 100000 109999 24
XII 110000 119999 7
XII 120000 129999 44
XII 130000 139999 33
XII 140000 149999 1
XII 150000 159999 57
XII 160000 169999 254
XII 170000 179999 14
XII 180000 189999 15
XII 190000 199999 6
XII 200000 209999 11
XII 210000 219999 910
XII 220000 229999 1094
XII 230000 239999 83
XII 240000 249999 79
XII 250000 259999 26
XII 260000 269999 25
XII 270000 279999 7
XII 280000 289999 4
XII 290000 299999 179
XII 300000 309999 3
XII 310000 319999 2
XII 320000 329999 39
XII 330000 339999 19
XII 340000 349999 13
XII 350000 359999 2
XII 360000 369999 882
XII 370000 379999 209
XII 380000 389999 3
XII 390000 399999 11
XII 400000 409999 10
XII 410000 419999 122
XII 420000 429999 76
XII 430000 439999 17
XII 440000 449999 612
XII 450000 459999 149
XII 460000 469999 3117
XII 470000 479999 978
XII 480000 489999 1002
XII 490000 499999 176
XII 500000 509999 30
XII 510000 519999 37
XII 520000 529999 15
XII 530000 539999 14
XII 540000 549999 8
XII 550000 559999 34
XII 560000 569999 12
XII 570000 579999 21
XII 580000 589999 25
XII 590000 599999 3049
XII 600000 609999 21
XII 610000 619999 10
XII 620000 629999 69
XII 630000 639999 30
XII 640000 649999 30
XII 650000 659999 2404
XII 660000 669999 19
XII 670000 679999 20
XII 680000 689999 1101
XII 690000 699999 16
XII 700000 709999 11
XII 710000 719999 13
XII 720000 729999 19
XII 730000 739999 1193
XII 740000 749999 13
XII 750000 759999 30
XII 760000 769999 14
XII 770000 779999 5
XII 780000 789999 239
XII 790000 799999 1270
XII 800000 809999 39
XII 810000 819999 910
XII 820000 829999 15
XII 830000 839999 31
XII 840000 849999 9
XII 850000 859999 10
XII 860000 869999 53
XII 870000 879999 33
XII 880000 889999 5
XII 890000 899999 6
XII 900000 909999 2
XII 910000 919999 2
XII 920000 929999 7
XII 930000 939999 18
XII 940000 949999 1575
XII 950000 959999 3
XII 960000 969999 33
XII 970000 979999 1056
XII 980000 989999 728
XII 990000 999999 10
XII 1000000 1009999 48
XII 1010000 1019999 32
XII 1020000 1029999 17
XII 1030000 1039999 86
XII 1040000 1049999 2
XII 1050000 1059999 749
XII 1060000 1069999 701
XII 1070000 1078177 335
II 0 9999 1991
II 10000 19999 0
II 20000 29999 701
II 30000 39999 1103
II 40000 49999 21
II 50000 59999 7
II 60000 69999 36
II 70000 79999 21
II 80000 89999 159
II 90000 99999 33
II 100000 109999 1
II 110000 119999 25
II 120000 129999 23
II 130000 139999 10
II 140000 149999 4
II 150000 159999 7
II 160000 169999 44
II 170000 179999 14
II 180000 189999 14
II 190000 199999 299
II 200000 209999 7
II 210000 219999 1
II 220000 229999 1717
II 230000 239999 95
II 240000 249999 4
II 250000 259999 1464
II 260000 269999 1235
II 270000 279999 22
II 280000 289999 7
II 290000 299999 18
II 300000 309999 14
II 310000 319999 1
II 320000 329999 777
II 330000 339999 25
II 340000 349999 39
II 350000 359999 62
II 360000 369999 54
II 370000 379999 16
II 380000 389999 21
II 390000 399999 14
II 400000 409999 112
II 410000 419999 33
II 420000 429999 67
II 430000 439999 19
II 440000 449999 4
II 450000 459999 6
II 460000 469999 39
II 470000 479999 44
II 480000 489999 32
II 490000 499999 8
II 500000 509999 8
II 510000 519999 1
II 520000 529999 10
II 530000 539999 101
II 540000 549999 7
II 550000 559999 12
II 560000 569999 14
II 570000 579999 14
II 580000 589999 5
II 590000 599999 14
II 600000 609999 30
II 610000 619999 5
II 620000 629999 5
II 630000 639999 6
II 640000 649999 382
II 650000 659999 11
II 660000 669999 42
II 670000 679999 5
II 680000 689999 15
II 690000 699999 22
II 700000 709999 35
II 710000 719999 36
II 720000 729999 14
II 730000 739999 23
II 740000 749999 4
II 750000 759999 5
II 760000 769999 21
II 770000 779999 21
II 780000 789999 20
II 790000 799999 12
II 800000 809999 286
II 810000 813184 203
VI 0 9999 755
VI 10000 19999 38
VI 20000 29999 40
VI 30000 39999 81
VI 40000 49999 2
VI 50000 59999 32
VI 60000 69999 9
VI 70000 79999 20
VI 80000 89999 7
VI 90000 99999 103
VI 100000 109999 159
VI 110000 119999 92
VI 120000 129999 5
VI 130000 139999 1737
VI 140000 149999 1479
VI 150000 159999 554
VI 160000 169999 920
VI 170000 179999 9
VI 180000 189999 75
VI 190000 199999 60
VI 200000 209999 523
VI 210000 219999 43
VI 220000 229999 78
VI 230000 239999 26
VI 240000 249999 2
VI 250000 259999 91
VI 260000 269999 293
VI 270000 270161 0
XIII 0 9999 536
XIII 10000 19999 19
XIII 20000 29999 35
XIII 30000 39999 2
XIII 40000 49999 15
XIII 50000 59999 181
XIII 60000 69999 7
XIII 70000 79999 45
XIII 80000 89999 6
XIII 90000 99999 27
XIII 100000 109999 16
XIII 110000 119999 83
XIII 120000 129999 29
XIII 130000 139999 78
XIII 140000 149999 19
XIII 150000 159999 10
XIII 160000 169999 848
XIII 170000 179999 15
XIII 180000 189999 1564
XIII 190000 199999 1159
XIII 200000 209999 726
XIII 210000 219999 3
XIII 220000 229999 31
XIII 230000 239999 50
XIII 240000 249999 10
XIII 250000 259999 62
XIII 260000 269999 43
XIII 270000 279999 30
XIII 280000 289999 361
XIII 290000 299999 81
XIII 300000 309999 8
XIII 310000 319999 9
XIII 320000 329999 44
XIII 330000 339999 12
XIII 340000 349999 17
XIII 350000 359999 927
XIII 360000 369999 913
XIII 370000 379999 2566
XIII 380000 389999 31
XIII 390000 399999 2
XIII 400000 409999 24
XIII 410000 419999 22
XIII 420000 429999 77
XIII 430000 439999 166
XIII 440000 449999 20
XIII 450000 459999 10
XIII 460000 469999 807
XIII 470000 479999 17
XIII 480000 489999 750
XIII 490000 499999 3
XIII 500000 509999 1246
XIII 510000 519999 15
XIII 520000 529999 7
XIII 530000 539999 8
XIII 540000 549999 11
XIII 550000 559999 16
XIII 560000 569999 7
XIII 570000 579999 697
XIII 580000 589999 88
XIII 590000 599999 4
XIII 600000 609999 22
XIII 610000 619999 6
XIII 620000 629999 17
XIII 630000 639999 18
XIII 640000 649999 7
XIII 650000 659999 15
XIII 660000 669999 14
XIII 670000 679999 45
XIII 680000 689999 72
XIII 690000 699999 25
XIII 700000 709999 10
XIII 710000 719999 11
XIII 720000 729999 7
XIII 730000 739999 15
XIII 740000 749999 335
XIII 750000 759999 26
XIII 760000 769999 844
XIII 770000 779999 13
XIII 780000 789999 15
XIII 790000 799999 27
XIII 800000 809999 139
XIII 810000 819999 25
XIII 820000 829999 6
XIII 830000 839999 799
XIII 840000 849999 1
XIII 850000 859999 11
XIII 860000 869999 9
XIII 870000 879999 75
XIII 880000 889999 18
XIII 890000 899999 10
XIII 900000 909999 3
XIII 910000 919999 17
XIII 920000 924431 277
XVI 0 9999 574
XVI 10000 19999 47
XVI 20000 29999 15
XVI 30000 39999 6
XVI 40000 49999 16
XVI 50000 59999 1316
XVI 60000 69999 2293
XVI 70000 79999 16
XVI 80000 89999 1
XVI 90000 99999 20
XVI 100000 109999 30
XVI 110000 119999 9
XVI 120000 129999 30
XVI 130000 139999 19
XVI 140000 149999 1
XVI 150000 159999 14
XVI 160000 169999 13
XVI 170000 179999 18
XVI 180000 189999 16
XVI 190000 199999 183
XVI 200000 209999 17
XVI 210000 219999 861
XVI 220000 229999 15
XVI 230000 239999 10
XVI 240000 249999 8
XVI 250000 259999 9
XVI 260000 269999 5
XVI 270000 279999 22
XVI 280000 289999 46
XVI 290000 299999 18
XVI 300000 309999 22
XVI 310000 319999 6
XVI 320000 329999 28
XVI 330000 339999 35
XVI 340000 349999 11
XVI 350000 359999 30
XVI 360000 369999 3
XVI 370000 379999 50
XVI 380000 389999 17
XVI 390000 399999 8
XVI 400000 409999 27
XVI 410000 419999 47
XVI 420000 429999 3
XVI 430000 439999 1488
XVI 440000 449999 93
XVI 450000 459999 27
XVI 460000 469999 22
XVI 470000 479999 1
XVI 480000 489999 35
XVI 490000 499999 4
XVI 500000 509999 13
XVI 510000 519999 15
XVI 520000 529999 14
XVI 530000 539999 29
XVI 540000 549999 9
XVI 550000 559999 46
XVI 560000 569999 1048
XVI 570000 579999 560
XVI 580000 589999 46
XVI 590000 599999 9
XVI 600000 609999 15
XVI 610000 619999 4
XVI 620000 629999 92
XVI 630000 639999 4
XVI 640000 649999 34
XVI 650000 659999 18
XVI 660000 669999 17
XVI 670000 679999 11
XVI 680000 689999 86
XVI 690000 699999 29
XVI 700000 709999 42
XVI 710000 719999 2
XVI 720000 729999 3
XVI 730000 739999 11
XVI 740000 749999 25
XVI 750000 759999 1
XVI 760000 769999 198
XVI 770000 779999 1058
XVI 780000 789999 4
XVI 790000 799999 8
XVI 800000 809999 1484
XVI 810000 819999 831
XVI 820000 829999 40
XVI 830000 839999 27
XVI 840000 849999 940
XVI 850000 859999 2764
XVI 860000 869999 53
XVI 870000 879999 7
XVI 880000 889999 222
XVI 890000 899999 8
XVI 900000 909999 15
XVI 910000 919999 2
XVI 920000 929999 25
XVI 930000 939999 21
XVI 940000 948066 516
I 0 9999 309
I 10000 19999 425
I 20000 29999 732
I 30000 39999 33
I 40000 49999 22
I 50000 59999 3
I 60000 69999 11
I 70000 79999 87
I 80000 89999 20
I 90000 99999 19
I 100000 109999 16
I 110000 119999 38
I 120000 129999 3
I 130000 139999 106
I 140000 149999 256
I 150000 159999 36
I 160000 169999 1674
I 170000 179999 87
I 180000 189999 2253
I 190000 199999 35
I 200000 209999 696
I 210000 219999 413
I 220000 229999 292
I 230000 230218 2
VII 0 9999 290
VII 10000 19999 8
VII 20000 29999 426
VII 30000 39999 5
VII 40000 49999 3
VII 50000 59999 4
VII 60000 69999 15
VII 70000 79999 80
VII 80000 89999 18
VII 90000 99999 15
VII 100000 109999 1
VII 110000 119999 2405
VII 120000 129999 43
VII 130000 139999 5
VII 140000 149999 27
VII 150000 159999 28
VII 160000 169999 16
VII 170000 179999 31
VII 180000 189999 47
VII 190000 199999 203
VII 200000 209999 96
VII 210000 219999 9
VII 220000 229999 21
VII 230000 239999 6
VII 240000 249999 8
VII 250000 259999 7
VII 260000 269999 5
VII 270000 279999 26
VII 280000 289999 33
VII 290000 299999 1
VII 300000 309999 89
VII 310000 319999 240
VII 320000 329999 894
VII 330000 339999 2
VII 340000 349999 185
VII 350000 359999 5
VII 360000 369999 34
VII 370000 379999 9
VII 380000 389999 48
VII 390000 399999 20
VII 400000 409999 2217
VII 410000 419999 348
VII 420000 429999 105
VII 430000 439999 35
VII 440000 449999 108
VII 450000 459999 10
VII 460000 469999 18
VII 470000 479999 12
VII 480000 489999 32
VII 490000 499999 35
VII 500000 509999 11
VII 510000 519999 1
VII 520000 529999 4
VII 530000 539999 1862
VII 540000 549999 904
VII 550000 559999 48
VII 560000 569999 2489
VII 570000 579999 832
VII 580000 589999 11
VII 590000 599999 11
VII 600000 609999 11
VII 610000 619999 9
VII 620000 629999 16
VII 630000 639999 11
VII 640000 649999 28
VII 650000 659999 162
VII 660000 669999 27
VII 670000 679999 15
VII 680000 689999 1
VII 690000 699999 12
VII 700000 709999 743
VII 710000 719999 179
VII 720000 729999 9
VII 730000 739999 1515
VII 740000 749999 17
VII 750000 759999 3
VII 760000 769999 4
VII 770000 779999 1986
VII 780000 789999 23
VII 790000 799999 48
VII 800000 809999 33
VII 810000 819999 2407
VII 820000 829999 1015
VII 830000 839999 11
VII 840000 849999 245
VII 850000 859999 75
VII 860000 869999 8
VII 870000 879999 942
VII 880000 889999 46
VII 890000 899999 6
VII 900000 909999 12
VII 910000 919999 26
VII 920000 929999 63
VII 930000 939999 998
VII 940000 949999 29
VII 950000 959999 20
VII 960000 969999 7
VII 970000 979999 83
VII 980000 989999 15
VII 990000 999999 16
VII 1000000 1009999 46
VII 1010000 1019999 15
VII 1020000 1029999 37
VII 1030000 1039999 6
VII 1040000 1049999 19
VII 1050000 1059999 31
VII 1060000 1069999 65
VII 1070000 1079999 143
VII 1080000 1089999 579
VII 1090000 1090940 6
