1	1	1000	AN0015
1	1001	2000	AN0016
1	2001	3000	AN0017
1	3001	4000	AN0019
1	4001	5000	AN0020
1	5001	6000	AN0021
1	6001	7000	AN0022
1	7001	8000	AN0023
1	8001	9000	AN0024
1	9001	10000	AN0025
1	10001	11000	AN0026
1	11001	12000	AN0027
1	12001	13000	AN0028
1	13001	14000	AN0029
1	14001	15000	AN10005
2	1	1000	AN0146
2	1001	2000	AN0147
2	2001	3000	AN0148
2	3001	4000	AN0149
2	4001	5000	AN0150
2	5001	6000	AN0153
2	6001	7000	AN0154
2	7001	8000	AN0156
2	8001	9000	AN0157
2	9001	10000	AN0158
2	10001	11000	AN10022
2	11001	12000	AN10023
2	12001	13000	AN10024
2	13001	14000	AN10035
2	14001	15000	AN10036
2	15001	16000	AN10037
2	16001	17000	AN10038
2	17001	18000	AN10044
3	1	1000	AN0520
3	1001	2000	AN0521
3	2001	3000	AN0522
3	3001	4000	AN0523
3	4001	5000	AN0524
3	5001	6000	AN0525
3	6001	7000	AN0526
3	7001	8000	AN0527
3	8001	9000	AN0528
3	9001	10000	AN0529
3	10001	11000	AN0530
3	11001	12000	AN0531
3	12001	13000	AN0532
3	13001	14000	AN0533
4	1	1000	AN0594
4	1001	2000	AN0595
4	2001	3000	AN0596
4	3001	4000	AN0597
4	4001	5000	AN0598
4	5001	6000	AN0599
4	6001	7000	AN0600
4	7001	8000	AN0601
4	8001	9000	AN0602
4	9001	10000	AN0604
4	10001	11000	AN0605
4	11001	12000	AN0606
4	12001	13000	AN0607
5	1	1000	AN10289
5	1001	2000	AN10294
5	2001	3000	AN10295
5	3001	4000	AN2342
5	4001	5000	AN2343
5	5001	6000	AN2344
5	6001	7000	AN2346
5	7001	8000	AN2347
5	8001	9000	AN2349
6	1	1000	AN10297
6	1001	2000	AN10298
6	2001	3000	AN10300
6	3001	4000	AN10301
6	4001	5000	AN11337
6	5001	6000	AN2393
6	6001	7000	AN2394
6	7001	8000	AN2395
6	8001	9000	AN2396
6	9001	10000	AN2397
6	10001	11000	AN2398
6	11001	12000	AN2399
6	12001	13000	AN2400
6	13001	14000	AN2402
6	14001	15000	AN2404
6	15001	16000	AN2405
6	16001	17000	AN2406
6	17001	18000	AN2407
6	18001	19000	AN2408
7	1	1000	AN1029
7	1001	2000	AN1030
7	2001	3000	AN1031
7	3001	4000	AN1032
7	4001	5000	AN1033
7	5001	6000	AN1034
7	6001	7000	AN1035
7	7001	8000	AN1036
7	8001	9000	AN11287
8	1	1000	AN10430
8	1001	2000	AN10447
8	2001	3000	AN3608
8	3001	4000	AN3609
8	4001	5000	AN3611
8	5001	6000	AN3612
9	1	1000	AN10486
9	1001	2000	AN10491
9	2001	3000	AN3911
9	3001	4000	AN3913
9	4001	5000	AN3914
9	5001	6000	AN3915
9	6001	7000	AN3916
9	7001	8000	AN3917
10	1	1000	AN10573
10	1001	2000	AN10576
10	2001	3000	AN4642
10	3001	4000	AN4643
10	4001	5000	AN4644
10	5001	6000	AN4645
10	6001	7000	AN4646
10	7001	8000	AN4647
10	8001	9000	AN4648
10	9001	10000	AN4649
11	1	1000	AN11191
11	1001	2000	AN11192
11	2001	3000	AN11198
11	3001	4000	AN11199
11	4001	5000	AN9210
11	5001	6000	AN9211
11	6001	7000	AN9212
11	7001	8000	AN9213
11	8001	9000	AN9214
11	9001	10000	AN9215
11	10001	11000	AN9216
11	11001	12000	AN9218
11	12001	13000	AN9219
11	13001	14000	AN9220
11	14001	15000	AN9221
12	1	1000	AN1242
12	1001	2000	AN1243
13	1	1000	AN11312
13	1001	2000	AN1677
13	2001	3000	AN1678
13	3001	4000	AN1679
13	4001	5000	AN1680
13	5001	6000	AN1681
13	6001	7000	AN1682
13	7001	8000	AN1683
13	8001	9000	AN1684
13	9001	10000	AN1685
13	10001	11000	AN1686
13	11001	12000	AN1687
13	12001	13000	AN1688
13	13001	14000	AN1689
13	14001	15000	AN1690
13	15001	16000	AN1691
14	1	1000	AN1778
14	1001	2000	AN1779
14	2001	3000	AN1780
14	3001	4000	AN1781
14	4001	5000	AN1782
14	5001	6000	AN1784
14	6001	7000	AN1785
14	7001	8000	AN1786
14	8001	9000	AN1787
15	1	1000	AN2032
15	1001	2000	AN2033
15	2001	3000	AN2034
15	3001	4000	AN2035
15	4001	5000	AN2036
15	5001	6000	AN2037
15	6001	7000	AN2038
15	7001	8000	AN2039
15	8001	9000	AN2040
15	9001	10000	AN2041
15	10001	11000	AN2042
15	11001	12000	AN2043
16	1	1000	AN2062
16	1001	2000	AN2063
16	2001	3000	AN2064
17	1	1000	AN10319
17	1001	2000	AN10320
17	2001	3000	AN10325
17	3001	4000	AN10326
17	4001	5000	AN2544
17	5001	6000	AN2545
17	6001	7000	AN2546
17	7001	8000	AN2547
17	8001	9000	AN2548
17	9001	10000	AN2549
17	10001	11000	AN2550
17	11001	12000	AN2553
18	1	1000	AN2621
18	1001	2000	AN2622
18	2001	3000	AN2623
18	3001	4000	AN2624
18	4001	5000	AN2625
19	1	1000	AN2921
19	1001	2000	AN2922
19	2001	3000	AN2923
19	3001	4000	AN2924
19	4001	5000	AN2925
20	1	1000	AN3217
20	1001	2000	AN3218
20	2001	3000	AN3219
20	3001	4000	AN3220
20	4001	5000	AN3221
20	5001	6000	AN3222
20	6001	7000	AN3223
20	7001	8000	AN3224
20	8001	9000	AN3225
20	9001	10000	AN3226
20	10001	11000	AN3227
20	11001	12000	AN3228
20	12001	13000	AN3229
20	13001	14000	AN3230
20	14001	15000	AN3231
20	15001	16000	AN3232
20	16001	17000	AN3233
20	17001	18000	AN3234
20	18001	19000	AN3235
20	19001	20000	AN3236
20	20001	21000	AN3237
21	1	1000	AN3380
21	1001	2000	AN3381
21	2001	3000	AN3382
21	3001	4000	AN3383
21	4001	5000	AN3384
21	5001	6000	AN3385
21	6001	7000	AN3386
22	1	1000	AN3391
22	1001	2000	AN3392
22	2001	3000	AN3393
22	3001	4000	AN3394
22	4001	5000	AN3395
22	5001	6000	AN3396
22	6001	7000	AN3397
22	7001	8000	AN3398
22	8001	9000	AN3399
22	9001	10000	AN3400
22	10001	11000	AN3402
22	11001	12000	AN3403
22	12001	13000	AN3404
22	13001	14000	AN3405
22	14001	15000	AN3406
22	15001	16000	AN3407
22	16001	17000	AN3408
23	1	1000	AN3491
23	1001	2000	AN3492
23	2001	3000	AN3493
23	3001	4000	AN3494
23	4001	5000	AN3495
23	5001	6000	AN3496
23	6001	7000	AN3497
23	7001	8000	AN3498
23	8001	9000	AN3499
23	9001	10000	AN3500
23	10001	11000	AN3501
23	11001	12000	AN3502
23	12001	13000	AN3503
23	13001	14000	AN3504
23	14001	15000	AN3505
23	15001	16000	AN3506
24	1	1000	AN10599
24	1001	2000	AN10600
24	2001	3000	AN4826
24	3001	4000	AN4827
24	4001	5000	AN4829
24	5001	6000	AN4830
24	6001	7000	AN4831
24	7001	8000	AN4832
24	8001	9000	AN4833
24	9001	10000	AN4834
24	10001	11000	AN4835
24	11001	12000	AN4836
24	12001	13000	AN4837
25	1	1000	AN5317
25	1001	2000	AN5318
25	2001	3000	AN5319
25	3001	4000	AN5320
25	4001	5000	AN5321
25	5001	6000	AN5322
25	6001	7000	AN5323
25	7001	8000	AN5324
25	8001	9000	AN5325
25	9001	10000	AN5326
25	10001	11000	AN5327
25	11001	12000	AN5328
25	12001	13000	AN5329
26	1	1000	AN5989
26	1001	2000	AN5990
26	2001	3000	AN5991
26	3001	4000	AN5992
26	4001	5000	AN5993
26	5001	6000	AN5994
26	6001	7000	AN5995
26	7001	8000	AN5996
26	8001	9000	AN5997
26	9001	10000	AN5998
26	10001	11000	AN5999
26	11001	12000	AN6000
26	12001	13000	AN6001
26	13001	14000	AN6002
26	14001	15000	AN6003
26	15001	16000	AN6004
26	16001	17000	AN6005
26	17001	18000	AN6006
26	18001	19000	AN6007
27	1	1000	AN6236
27	1001	2000	AN6237
27	2001	3000	AN6238
28	1	1000	AN10816
28	1001	2000	AN6429
28	2001	3000	AN6430
28	3001	4000	AN6431
28	4001	5000	AN6432
28	5001	6000	AN6433
28	6001	7000	AN6434
29	1	1000	AN6436
29	1001	2000	AN6437
29	2001	3000	AN6438
29	3001	4000	AN6439
29	4001	5000	AN6440
29	5001	6000	AN6441
29	6001	7000	AN6443
29	7001	8000	AN6444
29	8001	9000	AN6445
29	9001	10000	AN6446
29	10001	11000	AN6447
29	11001	12000	AN6448
29	12001	13000	AN6449
29	13001	14000	AN6450
29	14001	15000	AN6451
29	15001	16000	AN6452
29	16001	17000	AN6453
29	17001	18000	AN6454
29	18001	19000	AN6455
29	19001	20000	AN6456
29	20001	21000	AN6457
29	21001	22000	AN6458
29	22001	23000	AN6459
29	23001	24000	AN6460
29	24001	25000	AN6461
30	1	1000	AN11527
30	1001	2000	AN6770
30	2001	3000	AN6771
30	3001	4000	AN6772
30	4001	5000	AN6773
30	5001	6000	AN6774
30	6001	7000	AN6775
30	7001	8000	AN6776
30	8001	9000	AN6777
30	9001	10000	AN6778
30	10001	11000	AN6779
30	11001	12000	AN6780
30	12001	13000	AN6781
30	13001	14000	AN6782
30	14001	15000	AN6783
30	15001	16000	AN6784
30	16001	17000	AN6785
30	17001	18000	AN6786
30	18001	19000	AN6787
30	19001	20000	AN6788
30	20001	21000	AN6789
30	21001	22000	AN6790
30	22001	23000	AN6791
31	1	1000	AN10883
31	1001	2000	AN10884
31	2001	3000	AN10888
31	3001	4000	AN10889
31	4001	5000	AN7061
31	5001	6000	AN7062
31	6001	7000	AN7063
31	7001	8000	AN7064
31	8001	9000	AN7066
31	9001	10000	AN7067
31	10001	11000	AN7068
31	11001	12000	AN7070
31	12001	13000	AN7071
31	13001	14000	AN7072
31	14001	15000	AN7073
31	15001	16000	AN7074
31	16001	17000	AN7075
32	1	1000	AN10886
32	1001	2000	AN10887
32	2001	3000	AN7081
32	3001	4000	AN7083
32	4001	5000	AN7084
32	5001	6000	AN7086
32	6001	7000	AN7087
32	7001	8000	AN7088
32	8001	9000	AN7089
33	1	1000	AN7485
33	1001	2000	AN7487
33	2001	3000	AN7488
33	3001	4000	AN7489
34	1	1000	AN11013
34	1001	2000	AN11017
34	2001	3000	AN11021
34	3001	4000	AN7806
34	4001	5000	AN7807
34	5001	6000	AN7808
34	6001	7000	AN7809
34	7001	8000	AN7810
34	8001	9000	AN7811
34	9001	10000	AN7812
34	10001	11000	AN7814
34	11001	12000	AN7815
34	12001	13000	AN7816
34	13001	14000	AN7817
34	14001	15000	AN7818
34	15001	16000	AN7819
34	16001	17000	AN7820
34	17001	18000	AN7821
34	18001	19000	AN7822
34	19001	20000	AN7823
34	20001	21000	AN7824
34	21001	22000	AN7825
35	1	1000	AN7839
36	1	1000	AN11028
36	1001	2000	AN11031
36	2001	3000	AN7873
36	3001	4000	AN7874
36	4001	5000	AN7875
36	5001	6000	AN7876
36	6001	7000	AN7877
36	7001	8000	AN7878
36	8001	9000	AN7879
36	9001	10000	AN7880
36	10001	11000	AN7881
36	11001	12000	AN7883
36	12001	13000	AN7884
37	1	1000	AN7905
37	1001	2000	AN7906
37	2001	3000	AN7907
37	3001	4000	AN7908
37	4001	5000	AN7909
37	5001	6000	AN7911
37	6001	7000	AN7912
37	7001	8000	AN7913
37	8001	9000	AN7914
37	9001	10000	AN7915
37	10001	11000	AN7916
37	11001	12000	AN7917
37	12001	13000	AN7918
37	13001	14000	AN7919
37	14001	15000	AN7920
37	15001	16000	AN7921
37	16001	17000	AN7922
37	17001	18000	AN7923
38	1	1000	AN11037
38	1001	2000	AN11049
38	2001	3000	AN8103
38	3001	4000	AN8104
38	4001	5000	AN8105
38	5001	6000	AN8106
38	6001	7000	AN8108
38	7001	8000	AN8110
38	8001	9000	AN8111
38	9001	10000	AN8112
38	10001	11000	AN8113
39	1	1000	AN11077
39	1001	2000	AN11085
39	2001	3000	AN8383
39	3001	4000	AN8384
39	4001	5000	AN8385
39	5001	6000	AN8387
39	6001	7000	AN8388
39	7001	8000	AN8389
39	8001	9000	AN8390
39	9001	10000	AN8391
39	10001	11000	AN8392
39	11001	12000	AN8393
39	12001	13000	AN8394
39	13001	14000	AN8395
40	1	1000	AN8398
40	1001	2000	AN8399
40	2001	3000	AN8400
40	3001	4000	AN8401
40	4001	5000	AN8402
40	5001	6000	AN8403
40	6001	7000	AN8404
40	7001	8000	AN8405
40	8001	9000	AN8406
40	9001	10000	AN8407
40	10001	11000	AN8408
40	11001	12000	AN8409
40	12001	13000	AN8410
40	13001	14000	AN8411
40	14001	15000	AN8412
40	15001	16000	AN8413
40	16001	17000	AN8414
41	1	1000	AN8506
41	1001	2000	AN8507
41	2001	3000	AN8508
41	3001	4000	AN8509
41	4001	5000	AN8510
41	5001	6000	AN8511
41	6001	7000	AN8512
41	7001	8000	AN8513
41	8001	9000	AN8514
41	9001	10000	AN8516
42	1	1000	AN11143
42	1001	2000	AN11149
42	2001	3000	AN8901
42	3001	4000	AN8902
42	4001	5000	AN8903
42	5001	6000	AN8905
42	6001	7000	AN8906
42	7001	8000	AN8907
42	8001	9000	AN8908
42	9001	10000	AN8909
42	10001	11000	AN8910
43	1	1000	AN9002
43	1001	2000	AN9003
43	2001	3000	AN9004
43	3001	4000	AN9005
43	4001	5000	AN9006
43	5001	6000	AN9007
43	6001	7000	AN9008
43	7001	8000	AN9009
43	8001	9000	AN9010
43	9001	10000	AN9011
43	10001	11000	AN9012
43	11001	12000	AN9013
44	1	1000	AN11193
44	1001	2000	AN11194
44	2001	3000	AN11201
44	3001	4000	AN11202
44	4001	5000	AN9223
44	5001	6000	AN9224
44	6001	7000	AN9225
44	7001	8000	AN9226
44	8001	9000	AN9227
44	9001	10000	AN9230
44	10001	11000	AN9231
44	11001	12000	AN9232
44	12001	13000	AN9233
44	13001	14000	AN9234
44	14001	15000	AN9235
44	15001	16000	AN9236
45	1	1000	AN9244
45	1001	2000	AN9245
45	2001	3000	AN9246
45	3001	4000	AN9247
45	4001	5000	AN9248
45	5001	6000	AN9249
45	6001	7000	AN9250
45	7001	8000	AN9251
46	1	1000	AN11210
46	1001	2000	AN11215
46	2001	3000	AN9280
46	3001	4000	AN9281
46	4001	5000	AN9282
46	5001	6000	AN9283
46	6001	7000	AN9284
46	7001	8000	AN9285
46	8001	9000	AN9286
46	9001	10000	AN9287
46	10001	11000	AN9288
46	11001	12000	AN9289
46	12001	13000	AN9290
46	13001	14000	AN9292
46	14001	15000	AN9293
46	15001	16000	AN9294
46	16001	17000	AN9295
46	17001	18000	AN9296
46	18001	19000	AN9297
46	19001	20000	AN9298
46	20001	21000	AN9299
46	21001	22000	AN9300
46	22001	23000	AN9302
46	23001	24000	AN9303
46	24001	25000	AN9304
46	25001	26000	AN9305
46	26001	27000	AN9306
46	27001	28000	AN9307
