1	0	195471971	0.000
1	2000000	195471971	0.241
1	4000000	195471971	0.986
1	6000000	195471971	1.151
1	8000000	195471971	1.312
1	10000000	195471971	1.143
1	12000000	195471971	0.892
1	14000000	195471971	0.752
1	16000000	195471971	0.850
1	18000000	195471971	0.792
1	20000000	195471971	1.117
1	22000000	195471971	0.805
1	24000000	195471971	1.686
1	26000000	195471971	0.560
1	28000000	195471971	0.524
1	30000000	195471971	0.651
1	32000000	195471971	0.761
1	34000000	195471971	0.904
1	36000000	195471971	1.819
1	38000000	195471971	0.872
1	40000000	195471971	0.696
1	42000000	195471971	0.805
1	44000000	195471971	1.356
1	46000000	195471971	1.050
1	48000000	195471971	0.489
1	50000000	195471971	0.703
1	52000000	195471971	1.996
1	54000000	195471971	1.142
1	56000000	195471971	0.942
1	58000000	195471971	2.071
1	60000000	195471971	1.176
1	62000000	195471971	1.544
1	64000000	195471971	1.289
1	66000000	195471971	1.025
1	68000000	195471971	0.759
1	70000000	195471971	0.900
1	72000000	195471971	0.818
1	74000000	195471971	1.763
1	76000000	195471971	0.564
1	78000000	195471971	1.054
1	80000000	195471971	0.720
1	82000000	195471971	1.589
1	84000000	195471971	1.204
1	86000000	195471971	1.152
1	88000000	195471971	1.266
1	90000000	195471971	0.931
1	92000000	195471971	1.207
1	94000000	195471971	0.528
1	96000000	195471971	0.964
1	98000000	195471971	0.721
1	100000000	195471971	0.555
1	102000000	195471971	0.512
1	104000000	195471971	0.967
1	106000000	195471971	1.235
1	108000000	195471971	0.530
1	110000000	195471971	0.731
1	112000000	195471971	0.548
1	114000000	195471971	0.553
1	116000000	195471971	0.585
1	118000000	195471971	0.950
1	120000000	195471971	0.770
1	122000000	195471971	0.745
1	124000000	195471971	0.742
1	126000000	195471971	0.849
1	128000000	195471971	0.726
1	130000000	195471971	1.376
1	132000000	195471971	1.191
1	134000000	195471971	1.146
1	136000000	195471971	0.947
1	138000000	195471971	1.464
1	140000000	195471971	0.730
1	142000000	195471971	1.006
1	144000000	195471971	0.697
1	146000000	195471971	0.536
1	148000000	195471971	0.599
1	150000000	195471971	1.871
1	152000000	195471971	1.221
1	154000000	195471971	0.936
1	156000000	195471971	0.908
1	158000000	195471971	0.659
1	160000000	195471971	1.379
1	162000000	195471971	1.259
1	164000000	195471971	1.006
1	166000000	195471971	1.414
1	168000000	195471971	0.714
1	170000000	195471971	1.554
1	172000000	195471971	1.418
1	174000000	195471971	0.984
1	176000000	195471971	0.842
1	178000000	195471971	1.630
1	180000000	195471971	1.366
1	182000000	195471971	0.713
1	184000000	195471971	0.925
1	186000000	195471971	0.725
1	188000000	195471971	0.942
1	190000000	195471971	0.938
1	192000000	195471971	0.978
1	194000000	195471971	0.914
10	0	130694993	0.000
10	2000000	130694993	0.417
10	4000000	130694993	1.289
10	6000000	130694993	0.790
10	8000000	130694993	0.678
10	10000000	130694993	0.866
10	12000000	130694993	0.727
10	14000000	130694993	0.712
10	16000000	130694993	0.458
10	18000000	130694993	0.908
10	20000000	130694993	0.881
10	22000000	130694993	1.152
10	24000000	130694993	0.934
10	26000000	130694993	0.776
10	28000000	130694993	0.725
10	30000000	130694993	0.702
10	32000000	130694993	0.994
10	34000000	130694993	0.816
10	36000000	130694993	0.481
10	38000000	130694993	0.953
10	40000000	130694993	0.943
10	42000000	130694993	1.146
10	44000000	130694993	0.788
10	46000000	130694993	0.565
10	48000000	130694993	0.565
10	50000000	130694993	0.720
10	52000000	130694993	1.281
10	54000000	130694993	0.458
10	56000000	130694993	0.634
10	58000000	130694993	1.673
10	60000000	130694993	0.954
10	62000000	130694993	2.234
10	64000000	130694993	0.496
10	66000000	130694993	0.868
10	68000000	130694993	1.061
10	70000000	130694993	1.241
10	72000000	130694993	0.505
10	74000000	130694993	1.276
10	76000000	130694993	1.563
10	78000000	130694993	1.028
10	80000000	130694993	1.650
10	82000000	130694993	1.405
10	84000000	130694993	1.099
10	86000000	130694993	1.443
10	88000000	130694993	1.771
10	90000000	130694993	0.752
10	92000000	130694993	1.007
10	94000000	130694993	0.979
10	96000000	130694993	0.627
10	98000000	130694993	0.719
10	100000000	130694993	1.045
10	102000000	130694993	0.629
10	104000000	130694993	0.605
10	106000000	130694993	0.812
10	108000000	130694993	0.600
10	110000000	130694993	0.943
10	112000000	130694993	0.616
10	114000000	130694993	1.228
10	116000000	130694993	1.130
10	118000000	130694993	0.759
10	120000000	130694993	1.539
10	122000000	130694993	0.784
10	124000000	130694993	0.486
10	126000000	130694993	1.632
10	128000000	130694993	2.162
10	130000000	130694993	0.729
11	0	122082543	0.000
11	2000000	122082543	1.506
11	4000000	122082543	1.529
11	6000000	122082543	1.022
11	8000000	122082543	0.949
11	10000000	122082543	1.012
11	12000000	122082543	0.497
11	14000000	122082543	0.489
11	16000000	122082543	0.926
11	18000000	122082543	0.739
11	20000000	122082543	1.256
11	22000000	122082543	1.951
11	24000000	122082543	0.675
11	26000000	122082543	0.604
11	28000000	122082543	1.391
11	30000000	122082543	1.560
11	32000000	122082543	1.365
11	34000000	122082543	0.814
11	36000000	122082543	0.608
11	38000000	122082543	0.466
11	40000000	122082543	0.851
11	42000000	122082543	0.782
11	44000000	122082543	0.772
11	46000000	122082543	0.931
11	48000000	122082543	1.310
11	50000000	122082543	1.584
11	52000000	122082543	1.497
11	54000000	122082543	1.674
11	56000000	122082543	0.741
11	58000000	122082543	1.657
11	60000000	122082543	1.528
11	62000000	122082543	2.676
11	64000000	122082543	0.772
11	66000000	122082543	1.469
11	68000000	122082543	2.264
11	70000000	122082543	1.566
11	72000000	122082543	1.384
11	74000000	122082543	1.849
11	76000000	122082543	1.718
11	78000000	122082543	1.743
11	80000000	122082543	1.257
11	82000000	122082543	1.884
11	84000000	122082543	1.480
11	86000000	122082543	2.316
11	88000000	122082543	0.935
11	90000000	122082543	0.938
11	92000000	122082543	0.798
11	94000000	122082543	1.609
11	96000000	122082543	2.102
11	98000000	122082543	2.594
11	100000000	122082543	3.376
11	102000000	122082543	2.680
11	104000000	122082543	2.709
11	106000000	122082543	2.966
11	108000000	122082543	1.523
11	110000000	122082543	2.173
11	112000000	122082543	0.973
11	114000000	122082543	2.571
11	116000000	122082543	2.392
11	118000000	122082543	1.962
11	120000000	122082543	2.280
11	122000000	122082543	0.000
12	0	120129022	0.000
12	2000000	120129022	1.479
12	4000000	120129022	1.008
12	6000000	120129022	0.517
12	8000000	120129022	0.887
12	10000000	120129022	0.759
12	12000000	120129022	0.722
12	14000000	120129022	0.609
12	16000000	120129022	0.933
12	18000000	120129022	1.138
12	20000000	120129022	1.614
12	22000000	120129022	0.876
12	24000000	120129022	0.770
12	26000000	120129022	0.738
12	28000000	120129022	0.782
12	30000000	120129022	0.958
12	32000000	120129022	0.889
12	34000000	120129022	0.558
12	36000000	120129022	0.655
12	38000000	120129022	0.488
12	40000000	120129022	0.841
12	42000000	120129022	0.487
12	44000000	120129022	0.698
12	46000000	120129022	0.476
12	48000000	120129022	0.865
12	50000000	120129022	0.949
12	52000000	120129022	0.714
12	54000000	120129022	1.209
12	56000000	120129022	0.967
12	58000000	120129022	1.088
12	60000000	120129022	0.448
12	62000000	120129022	0.446
12	64000000	120129022	1.274
12	66000000	120129022	0.878
12	68000000	120129022	1.531
12	70000000	120129022	1.098
12	72000000	120129022	1.228
12	74000000	120129022	1.089
12	76000000	120129022	1.107
12	78000000	120129022	0.886
12	80000000	120129022	1.001
12	82000000	120129022	1.093
12	84000000	120129022	1.752
12	86000000	120129022	1.123
12	88000000	120129022	0.788
12	90000000	120129022	0.814
12	92000000	120129022	0.561
12	94000000	120129022	0.503
12	96000000	120129022	0.502
12	98000000	120129022	1.286
12	100000000	120129022	1.286
12	102000000	120129022	1.163
12	104000000	120129022	1.135
12	106000000	120129022	0.806
12	108000000	120129022	1.086
12	110000000	120129022	1.006
12	112000000	120129022	0.961
12	114000000	120129022	1.217
12	116000000	120129022	0.964
12	118000000	120129022	0.907
12	120000000	120129022	0.081
13	0	120421639	0.000
13	2000000	120421639	0.579
13	4000000	120421639	0.751
13	6000000	120421639	0.627
13	8000000	120421639	1.181
13	10000000	120421639	1.115
13	12000000	120421639	1.669
13	14000000	120421639	0.731
13	16000000	120421639	0.558
13	18000000	120421639	0.913
13	20000000	120421639	1.444
13	22000000	120421639	1.359
13	24000000	120421639	0.907
13	26000000	120421639	0.886
13	28000000	120421639	0.920
13	30000000	120421639	0.757
13	32000000	120421639	1.292
13	34000000	120421639	0.795
13	36000000	120421639	0.664
13	38000000	120421639	1.198
13	40000000	120421639	0.938
13	42000000	120421639	0.848
13	44000000	120421639	0.692
13	46000000	120421639	1.044
13	48000000	120421639	1.467
13	50000000	120421639	1.122
13	52000000	120421639	0.790
13	54000000	120421639	1.358
13	56000000	120421639	0.786
13	58000000	120421639	1.216
13	60000000	120421639	0.938
13	62000000	120421639	1.468
13	64000000	120421639	1.395
13	66000000	120421639	1.936
13	68000000	120421639	0.763
13	70000000	120421639	0.705
13	72000000	120421639	0.721
13	74000000	120421639	1.632
13	76000000	120421639	1.264
13	78000000	120421639	0.442
13	80000000	120421639	1.025
13	82000000	120421639	0.516
13	84000000	120421639	0.607
13	86000000	120421639	0.568
13	88000000	120421639	0.642
13	90000000	120421639	0.762
13	92000000	120421639	1.294
13	94000000	120421639	1.145
13	96000000	120421639	0.994
13	98000000	120421639	1.876
13	100000000	120421639	2.009
13	102000000	120421639	0.637
13	104000000	120421639	1.554
13	106000000	120421639	0.751
13	108000000	120421639	0.820
13	110000000	120421639	1.185
13	112000000	120421639	0.988
13	114000000	120421639	0.619
13	116000000	120421639	0.627
13	118000000	120421639	0.755
13	120000000	120421639	0.420
14	0	124902244	0.000
14	2000000	124902244	0.284
14	4000000	124902244	0.590
14	6000000	124902244	0.921
14	8000000	124902244	0.807
14	10000000	124902244	0.445
14	12000000	124902244	0.731
14	14000000	124902244	0.803
14	16000000	124902244	0.804
14	18000000	124902244	2.729
14	20000000	124902244	1.301
14	22000000	124902244	0.494
14	24000000	124902244	0.797
14	26000000	124902244	1.924
14	28000000	124902244	0.679
14	30000000	124902244	1.856
14	32000000	124902244	0.996
14	34000000	124902244	0.754
14	36000000	124902244	0.825
14	38000000	124902244	0.515
14	40000000	124902244	0.693
14	42000000	124902244	0.839
14	44000000	124902244	1.245
14	46000000	124902244	1.265
14	48000000	124902244	0.968
14	50000000	124902244	0.978
14	52000000	124902244	2.309
14	54000000	124902244	2.078
14	56000000	124902244	2.170
14	58000000	124902244	0.861
14	60000000	124902244	1.541
14	62000000	124902244	0.825
14	64000000	124902244	0.982
14	66000000	124902244	1.088
14	68000000	124902244	0.652
14	70000000	124902244	0.903
14	72000000	124902244	1.069
14	74000000	124902244	1.007
14	76000000	124902244	0.724
14	78000000	124902244	1.058
14	80000000	124902244	0.504
14	82000000	124902244	0.420
14	84000000	124902244	0.443
14	86000000	124902244	0.391
14	88000000	124902244	0.378
14	90000000	124902244	0.370
14	92000000	124902244	0.415
14	94000000	124902244	0.473
14	96000000	124902244	0.496
14	98000000	124902244	0.689
14	100000000	124902244	0.680
14	102000000	124902244	0.903
14	104000000	124902244	0.631
14	106000000	124902244	0.412
14	108000000	124902244	0.417
14	110000000	124902244	0.460
14	112000000	124902244	0.447
14	114000000	124902244	0.465
14	116000000	124902244	0.575
14	118000000	124902244	0.964
14	120000000	124902244	0.926
14	122000000	124902244	1.545
14	124000000	124902244	0.340
15	0	104043685	0.000
15	2000000	104043685	0.291
15	4000000	104043685	0.885
15	6000000	104043685	0.922
15	8000000	104043685	2.072
15	10000000	104043685	1.205
15	12000000	104043685	0.862
15	14000000	104043685	0.455
15	16000000	104043685	0.458
15	18000000	104043685	0.373
15	20000000	104043685	0.509
15	22000000	104043685	0.393
15	24000000	104043685	0.511
15	26000000	104043685	0.722
15	28000000	104043685	0.538
15	30000000	104043685	0.735
15	32000000	104043685	0.558
15	34000000	104043685	0.996
15	36000000	104043685	1.279
15	38000000	104043685	1.092
15	40000000	104043685	0.469
15	42000000	104043685	0.459
15	44000000	104043685	0.906
15	46000000	104043685	0.588
15	48000000	104043685	0.596
15	50000000	104043685	0.521
15	52000000	104043685	0.667
15	54000000	104043685	1.214
15	56000000	104043685	0.795
15	58000000	104043685	0.824
15	60000000	104043685	0.372
15	62000000	104043685	0.899
15	64000000	104043685	0.730
15	66000000	104043685	0.681
15	68000000	104043685	0.550
15	70000000	104043685	0.612
15	72000000	104043685	0.609
15	74000000	104043685	1.165
15	76000000	104043685	1.689
15	78000000	104043685	1.343
15	80000000	104043685	1.141
15	82000000	104043685	0.630
15	84000000	104043685	0.526
15	86000000	104043685	0.272
15	88000000	104043685	0.573
15	90000000	104043685	0.703
15	92000000	104043685	0.515
15	94000000	104043685	0.531
15	96000000	104043685	0.591
15	98000000	104043685	0.821
15	100000000	104043685	0.822
15	102000000	104043685	1.110
15	104000000	104043685	0.000
16	0	98207768	0.000
16	2000000	98207768	0.582
16	4000000	98207768	1.005
16	6000000	98207768	0.518
16	8000000	98207768	0.938
16	10000000	98207768	1.468
16	12000000	98207768	0.942
16	14000000	98207768	1.594
16	16000000	98207768	1.719
16	18000000	98207768	0.981
16	20000000	98207768	1.344
16	22000000	98207768	1.011
16	24000000	98207768	0.568
16	26000000	98207768	0.741
16	28000000	98207768	0.902
16	30000000	98207768	1.356
16	32000000	98207768	2.639
16	34000000	98207768	1.138
16	36000000	98207768	1.453
16	38000000	98207768	0.976
16	40000000	98207768	0.406
16	42000000	98207768	1.172
16	44000000	98207768	1.921
16	46000000	98207768	0.443
16	48000000	98207768	1.384
16	50000000	98207768	0.595
16	52000000	98207768	0.526
16	54000000	98207768	0.808
16	56000000	98207768	1.448
16	58000000	98207768	0.966
16	60000000	98207768	0.463
16	62000000	98207768	0.615
16	64000000	98207768	0.904
16	66000000	98207768	0.478
16	68000000	98207768	0.483
16	70000000	98207768	0.436
16	72000000	98207768	0.584
16	74000000	98207768	0.635
16	76000000	98207768	0.809
16	78000000	98207768	0.763
16	80000000	98207768	0.608
16	82000000	98207768	0.455
16	84000000	98207768	1.013
16	86000000	98207768	0.632
16	88000000	98207768	0.918
16	90000000	98207768	1.730
16	92000000	98207768	0.840
16	94000000	98207768	1.441
16	96000000	98207768	1.620
16	98000000	98207768	1.510
17	0	94987271	0.000
17	2000000	94987271	0.358
17	4000000	94987271	0.680
17	6000000	94987271	3.011
17	8000000	94987271	1.023
17	10000000	94987271	0.509
17	12000000	94987271	2.047
17	14000000	94987271	1.784
17	16000000	94987271	1.231
17	18000000	94987271	0.526
17	20000000	94987271	1.004
17	22000000	94987271	1.482
17	24000000	94987271	1.519
17	26000000	94987271	1.263
17	28000000	94987271	1.273
17	30000000	94987271	1.262
17	32000000	94987271	1.727
17	34000000	94987271	2.485
17	36000000	94987271	1.243
17	38000000	94987271	0.590
17	40000000	94987271	0.592
17	42000000	94987271	0.920
17	44000000	94987271	0.995
17	46000000	94987271	1.616
17	48000000	94987271	0.988
17	50000000	94987271	0.718
17	52000000	94987271	1.315
17	54000000	94987271	0.913
17	56000000	94987271	1.370
17	58000000	94987271	0.652
17	60000000	94987271	0.388
17	62000000	94987271	0.561
17	64000000	94987271	0.807
17	66000000	94987271	0.796
17	68000000	94987271	0.715
17	70000000	94987271	1.483
17	72000000	94987271	0.654
17	74000000	94987271	1.041
17	76000000	94987271	0.536
17	78000000	94987271	0.925
17	80000000	94987271	1.211
17	82000000	94987271	0.548
17	84000000	94987271	1.150
17	86000000	94987271	1.123
17	88000000	94987271	0.845
17	90000000	94987271	0.486
17	92000000	94987271	0.417
17	94000000	94987271	0.595
18	0	90702639	0.000
18	2000000	90702639	0.508
18	4000000	90702639	0.775
18	6000000	90702639	1.160
18	8000000	90702639	0.639
18	10000000	90702639	1.232
18	12000000	90702639	0.867
18	14000000	90702639	0.685
18	16000000	90702639	0.477
18	18000000	90702639	0.538
18	20000000	90702639	1.599
18	22000000	90702639	0.863
18	24000000	90702639	0.832
18	26000000	90702639	0.460
18	28000000	90702639	0.429
18	30000000	90702639	0.706
18	32000000	90702639	1.099
18	34000000	90702639	1.391
18	36000000	90702639	2.401
18	38000000	90702639	1.038
18	40000000	90702639	0.488
18	42000000	90702639	1.325
18	44000000	90702639	1.189
18	46000000	90702639	0.892
18	48000000	90702639	0.709
18	50000000	90702639	0.588
18	52000000	90702639	1.004
18	54000000	90702639	0.548
18	56000000	90702639	0.751
18	58000000	90702639	0.776
18	60000000	90702639	1.230
18	62000000	90702639	0.968
18	64000000	90702639	1.627
18	66000000	90702639	1.168
18	68000000	90702639	1.229
18	70000000	90702639	0.741
18	72000000	90702639	0.694
18	74000000	90702639	0.856
18	76000000	90702639	1.033
18	78000000	90702639	0.810
18	80000000	90702639	0.727
18	82000000	90702639	0.562
18	84000000	90702639	0.808
18	86000000	90702639	0.645
18	88000000	90702639	0.924
18	90000000	90702639	0.700
19	0	61431566	0.000
19	2000000	61431566	0.856
19	4000000	61431566	1.952
19	6000000	61431566	1.510
19	8000000	61431566	2.063
19	10000000	61431566	1.340
19	12000000	61431566	0.686
19	14000000	61431566	0.517
19	16000000	61431566	1.531
19	18000000	61431566	1.016
19	20000000	61431566	0.869
19	22000000	61431566	1.214
19	24000000	61431566	0.907
19	26000000	61431566	0.622
19	28000000	61431566	1.153
19	30000000	61431566	0.599
19	32000000	61431566	1.550
19	34000000	61431566	1.165
19	36000000	61431566	1.552
19	38000000	61431566	2.130
19	40000000	61431566	1.527
19	42000000	61431566	0.848
19	44000000	61431566	1.682
19	46000000	61431566	1.757
19	48000000	61431566	0.453
19	50000000	61431566	0.564
19	52000000	61431566	0.921
19	54000000	61431566	0.775
19	56000000	61431566	0.919
19	58000000	61431566	0.894
19	60000000	61431566	0.858
2	0	182113224	0.000
2	2000000	182113224	0.424
2	4000000	182113224	1.100
2	6000000	182113224	0.789
2	8000000	182113224	0.535
2	10000000	182113224	1.133
2	12000000	182113224	1.151
2	14000000	182113224	1.067
2	16000000	182113224	0.733
2	18000000	182113224	1.198
2	20000000	182113224	0.760
2	22000000	182113224	1.516
2	24000000	182113224	1.294
2	26000000	182113224	1.013
2	28000000	182113224	1.213
2	30000000	182113224	1.302
2	32000000	182113224	1.206
2	34000000	182113224	1.522
2	36000000	182113224	1.179
2	38000000	182113224	0.893
2	40000000	182113224	0.617
2	42000000	182113224	0.554
2	44000000	182113224	0.544
2	46000000	182113224	0.391
2	48000000	182113224	1.172
2	50000000	182113224	0.600
2	52000000	182113224	0.880
2	54000000	182113224	0.557
2	56000000	182113224	0.759
2	58000000	182113224	1.468
2	60000000	182113224	1.089
2	62000000	182113224	1.783
2	64000000	182113224	0.915
2	66000000	182113224	1.604
2	68000000	182113224	1.499
2	70000000	182113224	2.223
2	72000000	182113224	1.685
2	74000000	182113224	1.394
2	76000000	182113224	1.995
2	78000000	182113224	0.855
2	80000000	182113224	0.564
2	82000000	182113224	1.450
2	84000000	182113224	1.427
2	86000000	182113224	0.630
2	88000000	182113224	0.394
2	90000000	182113224	1.877
2	92000000	182113224	1.030
2	94000000	182113224	0.521
2	96000000	182113224	0.489
2	98000000	182113224	4.387
2	100000000	182113224	0.713
2	102000000	182113224	1.616
2	104000000	182113224	1.904
2	106000000	182113224	1.052
2	108000000	182113224	0.845
2	110000000	182113224	1.208
2	112000000	182113224	1.278
2	114000000	182113224	0.779
2	116000000	182113224	0.883
2	118000000	182113224	2.852
2	120000000	182113224	2.541
2	122000000	182113224	1.384
2	124000000	182113224	1.314
2	126000000	182113224	2.401
2	128000000	182113224	1.321
2	130000000	182113224	1.483
2	132000000	182113224	1.046
2	134000000	182113224	0.728
2	136000000	182113224	0.884
2	138000000	182113224	0.512
2	140000000	182113224	0.807
2	142000000	182113224	0.949
2	144000000	182113224	1.047
2	146000000	182113224	1.174
2	148000000	182113224	0.744
2	150000000	182113224	1.901
2	152000000	182113224	1.603
2	154000000	182113224	1.561
2	156000000	182113224	2.077
2	158000000	182113224	1.040
2	160000000	182113224	0.924
2	162000000	182113224	1.053
2	164000000	182113224	1.843
2	166000000	182113224	1.090
2	168000000	182113224	0.981
2	170000000	182113224	0.868
2	172000000	182113224	1.502
2	174000000	182113224	1.310
2	176000000	182113224	1.406
2	178000000	182113224	1.200
2	180000000	182113224	1.631
2	182000000	182113224	0.033
3	0	160039680	0.000
3	2000000	160039680	0.368
3	4000000	160039680	0.506
3	6000000	160039680	0.483
3	8000000	160039680	1.115
3	10000000	160039680	0.591
3	12000000	160039680	0.429
3	14000000	160039680	0.933
3	16000000	160039680	0.370
3	18000000	160039680	1.229
3	20000000	160039680	0.754
3	22000000	160039680	0.445
3	24000000	160039680	0.384
3	26000000	160039680	0.790
3	28000000	160039680	1.131
3	30000000	160039680	1.376
3	32000000	160039680	1.344
3	34000000	160039680	0.928
3	36000000	160039680	1.413
3	38000000	160039680	0.739
3	40000000	160039680	1.314
3	42000000	160039680	0.374
3	44000000	160039680	0.388
3	46000000	160039680	0.406
3	48000000	160039680	0.404
3	50000000	160039680	1.039
3	52000000	160039680	0.914
3	54000000	160039680	1.142
3	56000000	160039680	0.986
3	58000000	160039680	0.864
3	60000000	160039680	0.439
3	62000000	160039680	1.399
3	64000000	160039680	0.797
3	66000000	160039680	0.641
3	68000000	160039680	1.174
3	70000000	160039680	0.416
3	72000000	160039680	0.603
3	74000000	160039680	0.807
3	76000000	160039680	0.454
3	78000000	160039680	1.350
3	80000000	160039680	0.958
3	82000000	160039680	0.758
3	84000000	160039680	0.996
3	86000000	160039680	1.110
3	88000000	160039680	1.824
3	90000000	160039680	1.005
3	92000000	160039680	1.908
3	94000000	160039680	2.732
3	96000000	160039680	1.143
3	98000000	160039680	0.835
3	100000000	160039680	1.072
3	102000000	160039680	2.115
3	104000000	160039680	1.214
3	106000000	160039680	1.067
3	108000000	160039680	2.523
3	110000000	160039680	0.377
3	112000000	160039680	0.875
3	114000000	160039680	0.938
3	116000000	160039680	1.670
3	118000000	160039680	0.585
3	120000000	160039680	0.916
3	122000000	160039680	0.962
3	124000000	160039680	0.474
3	126000000	160039680	0.784
3	128000000	160039680	0.917
3	130000000	160039680	1.019
3	132000000	160039680	1.006
3	134000000	160039680	0.900
3	136000000	160039680	0.935
3	138000000	160039680	1.059
3	140000000	160039680	0.469
3	142000000	160039680	0.772
3	144000000	160039680	1.253
3	146000000	160039680	1.220
3	148000000	160039680	0.442
3	150000000	160039680	0.671
3	152000000	160039680	1.491
3	154000000	160039680	0.835
3	156000000	160039680	0.670
3	158000000	160039680	0.655
3	160000000	160039680	0.000
4	0	156508116	0.000
4	2000000	156508116	0.753
4	4000000	156508116	0.792
4	6000000	156508116	0.825
4	8000000	156508116	1.004
4	10000000	156508116	1.564
4	12000000	156508116	0.955
4	14000000	156508116	1.373
4	16000000	156508116	0.689
4	18000000	156508116	1.079
4	20000000	156508116	1.299
4	22000000	156508116	0.545
4	24000000	156508116	1.118
4	26000000	156508116	0.426
4	28000000	156508116	0.501
4	30000000	156508116	0.405
4	32000000	156508116	1.610
4	34000000	156508116	0.901
4	36000000	156508116	0.464
4	38000000	156508116	0.504
4	40000000	156508116	1.792
4	42000000	156508116	1.743
4	44000000	156508116	1.411
4	46000000	156508116	1.183
4	48000000	156508116	1.465
4	50000000	156508116	0.417
4	52000000	156508116	1.524
4	54000000	156508116	0.752
4	56000000	156508116	1.128
4	58000000	156508116	1.902
4	60000000	156508116	1.345
4	62000000	156508116	1.360
4	64000000	156508116	0.979
4	66000000	156508116	0.608
4	68000000	156508116	0.443
4	70000000	156508116	1.009
4	72000000	156508116	1.959
4	74000000	156508116	1.049
4	76000000	156508116	0.589
4	78000000	156508116	0.470
4	80000000	156508116	0.717
4	82000000	156508116	1.386
4	84000000	156508116	0.809
4	86000000	156508116	1.072
4	88000000	156508116	0.942
4	90000000	156508116	0.522
4	92000000	156508116	0.478
4	94000000	156508116	1.435
4	96000000	156508116	1.060
4	98000000	156508116	1.320
4	100000000	156508116	1.218
4	102000000	156508116	0.822
4	104000000	156508116	0.790
4	106000000	156508116	1.154
4	108000000	156508116	1.791
4	110000000	156508116	0.918
4	112000000	156508116	0.559
4	114000000	156508116	1.565
4	116000000	156508116	1.858
4	118000000	156508116	1.519
4	120000000	156508116	1.077
4	122000000	156508116	1.027
4	124000000	156508116	0.977
4	126000000	156508116	2.151
4	128000000	156508116	1.391
4	130000000	156508116	0.940
4	132000000	156508116	1.376
4	134000000	156508116	2.043
4	136000000	156508116	1.282
4	138000000	156508116	1.534
4	140000000	156508116	1.232
4	142000000	156508116	1.385
4	144000000	156508116	5.059
4	146000000	156508116	11.453
4	148000000	156508116	1.464
4	150000000	156508116	1.095
4	152000000	156508116	0.886
4	154000000	156508116	1.294
4	156000000	156508116	0.651
5	0	151834684	0.000
5	2000000	151834684	0.688
5	4000000	151834684	1.132
5	6000000	151834684	0.575
5	8000000	151834684	1.440
5	10000000	151834684	0.665
5	12000000	151834684	0.519
5	14000000	151834684	1.352
5	16000000	151834684	0.713
5	18000000	151834684	0.429
5	20000000	151834684	1.526
5	22000000	151834684	0.885
5	24000000	151834684	1.240
5	26000000	151834684	0.875
5	28000000	151834684	1.207
5	30000000	151834684	1.336
5	32000000	151834684	1.605
5	34000000	151834684	1.207
5	36000000	151834684	0.863
5	38000000	151834684	0.832
5	40000000	151834684	0.606
5	42000000	151834684	0.946
5	44000000	151834684	1.062
5	46000000	151834684	0.417
5	48000000	151834684	0.676
5	50000000	151834684	0.582
5	52000000	151834684	0.948
5	54000000	151834684	0.604
5	56000000	151834684	0.532
5	58000000	151834684	0.394
5	60000000	151834684	0.411
5	62000000	151834684	0.633
5	64000000	151834684	1.921
5	66000000	151834684	1.615
5	68000000	151834684	0.610
5	70000000	151834684	0.474
5	72000000	151834684	1.571
5	74000000	151834684	1.213
5	76000000	151834684	1.396
5	78000000	151834684	0.323
5	80000000	151834684	0.610
5	82000000	151834684	0.453
5	84000000	151834684	0.579
5	86000000	151834684	2.523
5	88000000	151834684	1.353
5	90000000	151834684	1.035
5	92000000	151834684	1.129
5	94000000	151834684	0.493
5	96000000	151834684	0.924
5	98000000	151834684	0.904
5	100000000	151834684	1.668
5	102000000	151834684	0.791
5	104000000	151834684	1.445
5	106000000	151834684	2.017
5	108000000	151834684	1.683
5	110000000	151834684	1.284
5	112000000	151834684	0.882
5	114000000	151834684	1.845
5	116000000	151834684	1.137
5	118000000	151834684	0.722
5	120000000	151834684	1.781
5	122000000	151834684	1.873
5	124000000	151834684	1.211
5	126000000	151834684	0.803
5	128000000	151834684	0.986
5	130000000	151834684	0.782
5	132000000	151834684	0.740
5	134000000	151834684	1.731
5	136000000	151834684	1.842
5	138000000	151834684	1.647
5	140000000	151834684	0.717
5	142000000	151834684	1.750
5	144000000	151834684	2.647
5	146000000	151834684	1.315
5	148000000	151834684	0.936
5	150000000	151834684	1.373
6	0	149736546	0.000
6	2000000	149736546	0.486
6	4000000	149736546	1.178
6	6000000	149736546	0.776
6	8000000	149736546	0.913
6	10000000	149736546	0.480
6	12000000	149736546	1.350
6	14000000	149736546	0.838
6	16000000	149736546	0.920
6	18000000	149736546	0.827
6	20000000	149736546	0.519
6	22000000	149736546	1.002
6	24000000	149736546	0.872
6	26000000	149736546	0.513
6	28000000	149736546	1.314
6	30000000	149736546	1.264
6	32000000	149736546	0.612
6	34000000	149736546	1.617
6	36000000	149736546	0.968
6	38000000	149736546	1.782
6	40000000	149736546	1.177
6	42000000	149736546	0.809
6	44000000	149736546	0.407
6	46000000	149736546	1.133
6	48000000	149736546	1.410
6	50000000	149736546	1.280
6	52000000	149736546	0.816
6	54000000	149736546	0.948
6	56000000	149736546	0.926
6	58000000	149736546	0.651
6	60000000	149736546	0.649
6	62000000	149736546	0.398
6	64000000	149736546	0.795
6	66000000	149736546	0.739
6	68000000	149736546	0.939
6	70000000	149736546	1.731
6	72000000	149736546	1.020
6	74000000	149736546	0.417
6	76000000	149736546	0.422
6	78000000	149736546	0.458
6	80000000	149736546	0.894
6	82000000	149736546	1.684
6	84000000	149736546	1.200
6	86000000	149736546	1.645
6	88000000	149736546	0.708
6	90000000	149736546	0.818
6	92000000	149736546	1.185
6	94000000	149736546	0.619
6	96000000	149736546	0.972
6	98000000	149736546	0.926
6	100000000	149736546	0.587
6	102000000	149736546	0.630
6	104000000	149736546	0.569
6	106000000	149736546	0.695
6	108000000	149736546	0.551
6	110000000	149736546	0.409
6	112000000	149736546	1.198
6	114000000	149736546	0.967
6	116000000	149736546	0.874
6	118000000	149736546	1.344
6	120000000	149736546	2.008
6	122000000	149736546	1.051
6	124000000	149736546	1.902
6	126000000	149736546	1.086
6	128000000	149736546	1.640
6	130000000	149736546	1.294
6	132000000	149736546	0.699
6	134000000	149736546	0.936
6	136000000	149736546	1.028
6	138000000	149736546	0.581
6	140000000	149736546	0.778
6	142000000	149736546	1.470
6	144000000	149736546	0.822
6	146000000	149736546	1.420
6	148000000	149736546	1.794
7	0	145441459	0.000
7	2000000	145441459	0.813
7	4000000	145441459	1.304
7	6000000	145441459	0.981
7	8000000	145441459	0.497
7	10000000	145441459	0.975
7	12000000	145441459	1.232
7	14000000	145441459	1.383
7	16000000	145441459	1.250
7	18000000	145441459	1.423
7	20000000	145441459	0.460
7	22000000	145441459	0.580
7	24000000	145441459	1.580
7	26000000	145441459	1.879
7	28000000	145441459	2.022
7	30000000	145441459	1.488
7	32000000	145441459	0.755
7	34000000	145441459	1.955
7	36000000	145441459	0.793
7	38000000	145441459	1.203
7	40000000	145441459	0.800
7	42000000	145441459	1.747
7	44000000	145441459	2.016
7	46000000	145441459	1.639
7	48000000	145441459	0.794
7	50000000	145441459	0.825
7	52000000	145441459	0.468
7	54000000	145441459	0.984
7	56000000	145441459	1.103
7	58000000	145441459	0.581
7	60000000	145441459	0.540
7	62000000	145441459	0.585
7	64000000	145441459	1.142
7	66000000	145441459	1.006
7	68000000	145441459	0.497
7	70000000	145441459	0.620
7	72000000	145441459	0.462
7	74000000	145441459	0.662
7	76000000	145441459	0.542
7	78000000	145441459	1.007
7	80000000	145441459	1.950
7	82000000	145441459	1.271
7	84000000	145441459	0.481
7	86000000	145441459	0.595
7	88000000	145441459	0.816
7	90000000	145441459	0.698
7	92000000	145441459	0.713
7	94000000	145441459	0.387
7	96000000	145441459	1.070
7	98000000	145441459	0.947
7	100000000	145441459	1.435
7	102000000	145441459	1.232
7	104000000	145441459	1.149
7	106000000	145441459	0.752
7	108000000	145441459	0.898
7	110000000	145441459	1.055
7	112000000	145441459	0.992
7	114000000	145441459	1.069
7	116000000	145441459	0.865
7	118000000	145441459	1.463
7	120000000	145441459	1.658
7	122000000	145441459	1.317
7	124000000	145441459	0.680
7	126000000	145441459	1.831
7	128000000	145441459	1.139
7	130000000	145441459	1.291
7	132000000	145441459	0.925
7	134000000	145441459	1.112
7	136000000	145441459	0.639
7	138000000	145441459	0.667
7	140000000	145441459	1.675
7	142000000	145441459	0.964
7	144000000	145441459	0.662
8	0	129401213	0.000
8	2000000	129401213	0.933
8	4000000	129401213	0.723
8	6000000	129401213	0.389
8	8000000	129401213	0.822
8	10000000	129401213	0.857
8	12000000	129401213	1.323
8	14000000	129401213	1.086
8	16000000	129401213	0.476
8	18000000	129401213	1.245
8	20000000	129401213	2.881
8	22000000	129401213	1.396
8	24000000	129401213	1.440
8	26000000	129401213	1.136
8	28000000	129401213	0.491
8	30000000	129401213	0.546
8	32000000	129401213	0.911
8	34000000	129401213	0.571
8	36000000	129401213	0.643
8	38000000	129401213	0.475
8	40000000	129401213	1.464
8	42000000	129401213	0.595
8	44000000	129401213	1.074
8	46000000	129401213	1.246
8	48000000	129401213	0.692
8	50000000	129401213	0.334
8	52000000	129401213	0.544
8	54000000	129401213	0.652
8	56000000	129401213	0.676
8	58000000	129401213	0.397
8	60000000	129401213	1.204
8	62000000	129401213	0.576
8	64000000	129401213	0.663
8	66000000	129401213	0.922
8	68000000	129401213	1.166
8	70000000	129401213	1.656
8	72000000	129401213	0.963
8	74000000	129401213	0.674
8	76000000	129401213	0.656
8	78000000	129401213	0.979
8	80000000	129401213	0.646
8	82000000	129401213	1.027
8	84000000	129401213	1.520
8	86000000	129401213	0.829
8	88000000	129401213	0.797
8	90000000	129401213	0.934
8	92000000	129401213	0.929
8	94000000	129401213	1.731
8	96000000	129401213	0.501
8	98000000	129401213	0.627
8	100000000	129401213	0.412
8	102000000	129401213	0.663
8	104000000	129401213	1.907
8	106000000	129401213	1.298
8	108000000	129401213	1.264
8	110000000	129401213	1.810
8	112000000	129401213	0.728
8	114000000	129401213	0.817
8	116000000	129401213	0.950
8	118000000	129401213	0.855
8	120000000	129401213	0.612
8	122000000	129401213	1.236
8	124000000	129401213	1.085
8	126000000	129401213	0.716
8	128000000	129401213	0.892
9	0	124595110	0.000
9	2000000	124595110	12.636
9	4000000	124595110	0.540
9	6000000	124595110	1.315
9	8000000	124595110	0.785
9	10000000	124595110	0.463
9	12000000	124595110	0.737
9	14000000	124595110	1.416
9	16000000	124595110	0.541
9	18000000	124595110	0.736
9	20000000	124595110	1.450
9	22000000	124595110	0.701
9	24000000	124595110	0.906
9	26000000	124595110	0.985
9	28000000	124595110	0.804
9	30000000	124595110	0.790
9	32000000	124595110	0.591
9	34000000	124595110	1.423
9	36000000	124595110	0.989
9	38000000	124595110	0.471
9	40000000	124595110	0.862
9	42000000	124595110	0.971
9	44000000	124595110	2.035
9	46000000	124595110	0.834
9	48000000	124595110	0.795
9	50000000	124595110	0.915
9	52000000	124595110	1.402
9	54000000	124595110	1.531
9	56000000	124595110	1.035
9	58000000	124595110	1.550
9	60000000	124595110	1.028
9	62000000	124595110	0.888
9	64000000	124595110	1.705
9	66000000	124595110	1.553
9	68000000	124595110	0.749
9	70000000	124595110	1.124
9	72000000	124595110	1.174
9	74000000	124595110	1.094
9	76000000	124595110	0.820
9	78000000	124595110	1.806
9	80000000	124595110	0.876
9	82000000	124595110	0.911
9	84000000	124595110	0.490
9	86000000	124595110	1.055
9	88000000	124595110	1.670
9	90000000	124595110	0.752
9	92000000	124595110	0.637
9	94000000	124595110	1.098
9	96000000	124595110	1.215
9	98000000	124595110	1.243
9	100000000	124595110	0.958
9	102000000	124595110	0.927
9	104000000	124595110	1.256
9	106000000	124595110	1.528
9	108000000	124595110	2.081
9	110000000	124595110	1.486
9	112000000	124595110	0.827
9	114000000	124595110	1.018
9	116000000	124595110	0.771
9	118000000	124595110	1.539
9	120000000	124595110	0.998
9	122000000	124595110	1.379
9	124000000	124595110	0.561
MT	0	16299	30
X	0	171031299	0.000
X	2000000	171031299	0.501
X	4000000	171031299	1.006
X	6000000	171031299	1.576
X	8000000	171031299	1.343
X	10000000	171031299	0.771
X	12000000	171031299	1.561
X	14000000	171031299	0.461
X	16000000	171031299	0.675
X	18000000	171031299	0.646
X	20000000	171031299	1.222
X	22000000	171031299	0.727
X	24000000	171031299	0.798
X	26000000	171031299	0.948
X	28000000	171031299	0.957
X	30000000	171031299	1.187
X	32000000	171031299	1.266
X	34000000	171031299	0.754
X	36000000	171031299	2.260
X	38000000	171031299	0.900
X	40000000	171031299	0.763
X	42000000	171031299	0.871
X	44000000	171031299	0.649
X	46000000	171031299	0.524
X	48000000	171031299	1.307
X	50000000	171031299	0.964
X	52000000	171031299	1.237
X	54000000	171031299	0.977
X	56000000	171031299	1.712
X	58000000	171031299	0.457
X	60000000	171031299	1.226
X	62000000	171031299	0.504
X	64000000	171031299	0.600
X	66000000	171031299	0.812
X	68000000	171031299	0.737
X	70000000	171031299	1.144
X	72000000	171031299	1.652
X	74000000	171031299	2.338
X	76000000	171031299	0.626
X	78000000	171031299	0.823
X	80000000	171031299	0.587
X	82000000	171031299	0.580
X	84000000	171031299	0.560
X	86000000	171031299	0.645
X	88000000	171031299	0.867
X	90000000	171031299	0.618
X	92000000	171031299	0.769
X	94000000	171031299	1.199
X	96000000	171031299	0.737
X	98000000	171031299	0.988
X	100000000	171031299	1.711
X	102000000	171031299	1.665
X	104000000	171031299	1.178
X	106000000	171031299	1.153
X	108000000	171031299	0.948
X	110000000	171031299	0.913
X	112000000	171031299	1.000
X	114000000	171031299	0.526
X	116000000	171031299	0.527
X	118000000	171031299	0.485
X	120000000	171031299	0.729
X	122000000	171031299	0.770
X	124000000	171031299	0.303
X	126000000	171031299	0.587
X	128000000	171031299	0.474
X	130000000	171031299	0.582
X	132000000	171031299	0.784
X	134000000	171031299	2.618
X	136000000	171031299	1.114
X	138000000	171031299	1.168
X	140000000	171031299	1.157
X	142000000	171031299	1.595
X	144000000	171031299	0.907
X	146000000	171031299	0.868
X	148000000	171031299	1.515
X	150000000	171031299	1.286
X	152000000	171031299	1.118
X	154000000	171031299	1.664
X	156000000	171031299	1.071
X	158000000	171031299	0.701
X	160000000	171031299	1.468
X	162000000	171031299	1.096
X	164000000	171031299	0.923
X	166000000	171031299	1.144
X	168000000	171031299	0.925
X	170000000	171031299	0.077
Y	0	91744698	0.037
Y	2000000	91744698	0.028
Y	4000000	91744698	0.021
Y	6000000	91744698	0.015
Y	8000000	91744698	0.009
Y	10000000	91744698	0.037
Y	12000000	91744698	0.011
Y	14000000	91744698	0.029
Y	16000000	91744698	0.016
Y	18000000	91744698	0.009
Y	20000000	91744698	0.012
Y	22000000	91744698	0.006
Y	24000000	91744698	0.004
Y	26000000	91744698	0.004
Y	28000000	91744698	0.012
Y	30000000	91744698	0.012
Y	32000000	91744698	0.013
Y	34000000	91744698	0.007
Y	36000000	91744698	0.004
Y	38000000	91744698	0.010
Y	40000000	91744698	0.018
Y	42000000	91744698	0.018
Y	44000000	91744698	0.012
Y	46000000	91744698	0.010
Y	48000000	91744698	0.007
Y	50000000	91744698	0.003
Y	52000000	91744698	0.004
Y	54000000	91744698	0.005
Y	56000000	91744698	0.007
Y	58000000	91744698	0.012
Y	60000000	91744698	0.012
Y	62000000	91744698	0.002
Y	64000000	91744698	0.002
Y	66000000	91744698	0.006
Y	68000000	91744698	0.006
Y	70000000	91744698	0.003
Y	72000000	91744698	0.005
Y	74000000	91744698	0.006
Y	76000000	91744698	0.006
Y	78000000	91744698	0.006
Y	80000000	91744698	0.006
Y	82000000	91744698	0.008
Y	84000000	91744698	0.009
Y	86000000	91744698	0.006
Y	88000000	91744698	0.010
Y	90000000	91744698	0.084
