1 0 1999999 1.00,0.00,0.00,0.00
1 2000000 3999999 0.91,0.00,0.09,0.00
1 4000000 5999999 0.44,0.24,0.11,0.21
1 6000000 7999999 0.31,0.24,0.09,0.36
1 8000000 9999999 0.35,0.26,0.10,0.29
1 10000000 11999999 0.14,0.23,0.15,0.49
1 12000000 13999999 0.29,0.22,0.15,0.34
1 14000000 15999999 0.24,0.24,0.07,0.46
1 16000000 17999999 0.49,0.19,0.10,0.22
1 18000000 19999999 0.27,0.20,0.04,0.49
1 20000000 21999999 0.34,0.20,0.17,0.29
1 22000000 23999999 0.27,0.25,0.17,0.31
1 24000000 25999999 0.26,0.18,0.12,0.44
1 26000000 27999999 0.67,0.11,0.00,0.22
1 28000000 29999999 0.43,0.21,0.07,0.29
1 30000000 31999999 0.42,0.25,0.18,0.15
1 32000000 33999999 0.32,0.29,0.20,0.19
1 34000000 35999999 0.20,0.32,0.20,0.28
1 36000000 37999999 0.26,0.31,0.15,0.27
1 38000000 39999999 0.26,0.31,0.17,0.26
1 40000000 41999999 0.33,0.27,0.16,0.23
1 42000000 43999999 0.32,0.32,0.16,0.20
1 44000000 45999999 0.12,0.18,0.17,0.53
1 46000000 47999999 0.11,0.21,0.14,0.53
1 48000000 49999999 0.65,0.20,0.00,0.15
1 50000000 51999999 0.39,0.19,0.12,0.30
1 52000000 53999999 0.21,0.16,0.13,0.51
1 54000000 55999999 0.23,0.19,0.17,0.40
1 56000000 57999999 0.40,0.21,0.08,0.31
1 58000000 59999999 0.20,0.24,0.16,0.40
1 60000000 61999999 0.32,0.22,0.11,0.35
1 62000000 63999999 0.26,0.19,0.18,0.36
1 64000000 65999999 0.23,0.24,0.16,0.38
1 66000000 67999999 0.20,0.27,0.20,0.33
1 68000000 69999999 0.35,0.17,0.18,0.31
1 70000000 71999999 0.10,0.19,0.17,0.55
1 72000000 73999999 0.38,0.28,0.11,0.23
1 74000000 75999999 0.16,0.31,0.24,0.29
1 76000000 77999999 0.48,0.19,0.07,0.26
1 78000000 79999999 0.28,0.22,0.07,0.43
1 80000000 81999999 0.31,0.31,0.18,0.21
1 82000000 83999999 0.23,0.15,0.13,0.49
1 84000000 85999999 0.34,0.34,0.06,0.26
1 86000000 87999999 0.28,0.28,0.18,0.26
1 88000000 89999999 0.24,0.20,0.15,0.42
1 90000000 91999999 0.26,0.30,0.19,0.24
1 92000000 93999999 0.30,0.31,0.18,0.21
1 94000000 95999999 0.60,0.19,0.10,0.12
1 96000000 97999999 0.26,0.25,0.18,0.31
1 98000000 99999999 0.47,0.18,0.02,0.33
1 100000000 101999999 0.32,0.21,0.13,0.34
1 102000000 103999999 0.33,0.50,0.12,0.04
1 104000000 105999999 0.38,0.13,0.15,0.34
1 106000000 107999999 0.19,0.23,0.16,0.42
1 108000000 109999999 0.57,0.29,0.07,0.07
1 110000000 111999999 0.26,0.26,0.03,0.45
1 112000000 113999999 0.67,0.28,0.06,0.00
1 114000000 115999999 0.56,0.00,0.11,0.33
1 116000000 117999999 0.38,0.35,0.09,0.18
1 118000000 119999999 0.34,0.27,0.11,0.27
1 120000000 121999999 0.28,0.31,0.16,0.24
1 122000000 123999999 0.44,0.20,0.07,0.29
1 124000000 125999999 0.33,0.18,0.08,0.40
1 126000000 127999999 0.34,0.22,0.11,0.33
1 128000000 129999999 0.21,0.20,0.18,0.42
1 130000000 131999999 0.24,0.24,0.16,0.36
1 132000000 133999999 0.34,0.27,0.17,0.22
1 134000000 135999999 0.28,0.32,0.19,0.22
1 136000000 137999999 0.36,0.27,0.16,0.21
1 138000000 139999999 0.24,0.24,0.15,0.38
1 140000000 141999999 0.22,0.21,0.18,0.39
1 142000000 143999999 0.19,0.17,0.20,0.44
1 144000000 145999999 0.41,0.09,0.12,0.38
1 146000000 147999999 0.42,0.30,0.12,0.15
1 148000000 149999999 0.43,0.21,0.09,0.28
1 150000000 151999999 0.16,0.22,0.18,0.45
1 152000000 153999999 0.16,0.26,0.19,0.39
1 154000000 155999999 0.32,0.30,0.16,0.22
1 156000000 157999999 0.30,0.30,0.14,0.26
1 158000000 159999999 0.32,0.24,0.22,0.22
1 160000000 161999999 0.28,0.25,0.16,0.31
1 162000000 163999999 0.20,0.22,0.22,0.36
1 164000000 165999999 0.34,0.26,0.16,0.24
1 166000000 167999999 0.16,0.21,0.16,0.47
1 168000000 169999999 0.19,0.28,0.15,0.37
1 170000000 171999999 0.19,0.29,0.16,0.36
1 172000000 173999999 0.25,0.24,0.20,0.32
1 174000000 175999999 0.24,0.21,0.14,0.41
1 176000000 177999999 0.36,0.22,0.15,0.26
1 178000000 179999999 0.19,0.17,0.10,0.54
1 180000000 181999999 0.29,0.25,0.14,0.32
1 182000000 183999999 0.50,0.26,0.11,0.13
1 184000000 185999999 0.28,0.21,0.16,0.34
1 186000000 187999999 0.38,0.31,0.07,0.24
1 188000000 189999999 0.19,0.28,0.22,0.31
1 190000000 191999999 0.32,0.25,0.15,0.28
1 192000000 193999999 0.36,0.32,0.15,0.17
1 194000000 195471971 0.31,0.23,0.19,0.27
10 0 1999999 1.00,0.00,0.00,0.00
10 2000000 3999999 0.29,0.29,0.16,0.27
10 4000000 5999999 0.15,0.26,0.24,0.36
10 6000000 7999999 0.17,0.23,0.24,0.36
10 8000000 9999999 0.16,0.36,0.22,0.25
10 10000000 11999999 0.31,0.34,0.17,0.18
10 12000000 13999999 0.18,0.40,0.17,0.25
10 14000000 15999999 0.32,0.21,0.07,0.40
10 16000000 17999999 0.65,0.30,0.02,0.02
10 18000000 19999999 0.15,0.29,0.23,0.33
10 20000000 21999999 0.17,0.26,0.24,0.33
10 22000000 23999999 0.28,0.18,0.11,0.42
10 24000000 25999999 0.24,0.31,0.12,0.32
10 26000000 27999999 0.13,0.20,0.24,0.43
10 28000000 29999999 0.17,0.22,0.18,0.43
10 30000000 31999999 0.14,0.28,0.18,0.41
10 32000000 33999999 0.38,0.13,0.09,0.40
10 34000000 35999999 0.13,0.28,0.13,0.46
10 36000000 37999999 0.36,0.15,0.12,0.36
10 38000000 39999999 0.22,0.26,0.19,0.32
10 40000000 41999999 0.33,0.31,0.13,0.24
10 42000000 43999999 0.17,0.22,0.21,0.40
10 44000000 45999999 0.21,0.20,0.11,0.48
10 46000000 47999999 1.00,0.00,0.00,0.00
10 48000000 49999999 0.21,0.04,0.21,0.54
10 50000000 51999999 0.03,0.24,0.28,0.45
10 52000000 53999999 0.11,0.26,0.13,0.50
10 54000000 55999999 0.36,0.45,0.00,0.18
10 56000000 57999999 0.36,0.17,0.14,0.33
10 58000000 59999999 0.14,0.19,0.21,0.46
10 60000000 61999999 0.22,0.37,0.18,0.23
10 62000000 63999999 0.11,0.20,0.16,0.54
10 64000000 65999999 0.22,0.22,0.28,0.28
10 66000000 67999999 0.29,0.25,0.09,0.37
10 68000000 69999999 0.18,0.27,0.13,0.41
10 70000000 71999999 0.26,0.18,0.12,0.43
10 72000000 73999999 0.18,0.23,0.14,0.45
10 74000000 75999999 0.13,0.37,0.21,0.29
10 76000000 77999999 0.14,0.28,0.22,0.35
10 78000000 79999999 0.25,0.34,0.19,0.21
10 80000000 81999999 0.26,0.41,0.18,0.15
10 82000000 83999999 0.18,0.21,0.19,0.43
10 84000000 85999999 0.16,0.30,0.17,0.38
10 86000000 87999999 0.15,0.21,0.19,0.45
10 88000000 89999999 0.17,0.26,0.13,0.44
10 90000000 91999999 0.28,0.25,0.15,0.32
10 92000000 93999999 0.39,0.19,0.17,0.25
10 94000000 95999999 0.24,0.34,0.15,0.28
10 96000000 97999999 0.20,0.19,0.22,0.39
10 98000000 99999999 0.16,0.20,0.10,0.53
10 100000000 101999999 0.21,0.16,0.13,0.50
10 102000000 103999999 0.45,0.27,0.14,0.14
10 104000000 105999999 0.59,0.10,0.13,0.18
10 106000000 107999999 0.40,0.14,0.10,0.36
10 108000000 109999999 0.13,0.19,0.33,0.35
10 110000000 111999999 0.18,0.19,0.09,0.55
10 112000000 113999999 0.24,0.22,0.12,0.41
10 114000000 115999999 0.15,0.20,0.12,0.53
10 116000000 117999999 0.19,0.17,0.22,0.42
10 118000000 119999999 0.35,0.21,0.17,0.27
10 120000000 121999999 0.16,0.23,0.18,0.43
10 122000000 123999999 0.16,0.25,0.21,0.38
10 124000000 125999999 0.29,0.12,0.35,0.24
10 126000000 127999999 0.15,0.32,0.24,0.29
10 128000000 129999999 0.22,0.18,0.17,0.42
10 130000000 130694993 0.59,0.31,0.04,0.06
11 0 1999999 1.00,0.00,0.00,0.00
11 2000000 3999999 0.17,0.27,0.18,0.38
11 4000000 5999999 0.19,0.38,0.22,0.21
11 6000000 7999999 0.20,0.33,0.18,0.29
11 8000000 9999999 0.09,0.29,0.18,0.45
11 10000000 11999999 0.29,0.24,0.08,0.39
11 12000000 13999999 0.42,0.21,0.16,0.21
11 14000000 15999999 0.67,0.33,0.00,0.00
11 16000000 17999999 0.18,0.21,0.23,0.38
11 18000000 19999999 0.52,0.24,0.05,0.19
11 20000000 21999999 0.21,0.23,0.15,0.41
11 22000000 23999999 0.18,0.12,0.13,0.56
11 24000000 25999999 0.55,0.26,0.03,0.16
11 26000000 27999999 0.40,0.32,0.11,0.17
11 28000000 29999999 0.20,0.20,0.16,0.44
11 30000000 31999999 0.15,0.15,0.17,0.52
11 32000000 33999999 0.17,0.29,0.18,0.36
11 34000000 35999999 0.16,0.29,0.23,0.32
11 36000000 37999999 0.25,0.30,0.18,0.27
11 38000000 39999999 0.78,0.22,0.00,0.00
11 40000000 41999999 0.30,0.27,0.13,0.30
11 42000000 43999999 0.18,0.22,0.26,0.34
11 44000000 45999999 0.31,0.39,0.11,0.19
11 46000000 47999999 0.23,0.32,0.17,0.28
11 48000000 49999999 0.23,0.27,0.19,0.31
11 50000000 51999999 0.18,0.33,0.20,0.29
11 52000000 53999999 0.16,0.26,0.18,0.40
11 54000000 55999999 0.14,0.25,0.20,0.41
11 56000000 57999999 0.29,0.31,0.22,0.17
11 58000000 59999999 0.23,0.32,0.19,0.26
11 60000000 61999999 0.17,0.30,0.27,0.25
11 62000000 63999999 0.20,0.24,0.10,0.47
11 64000000 65999999 0.16,0.36,0.20,0.28
11 66000000 67999999 0.10,0.18,0.25,0.48
11 68000000 69999999 0.15,0.31,0.23,0.30
11 70000000 71999999 0.17,0.32,0.21,0.30
11 72000000 73999999 0.22,0.32,0.19,0.27
11 74000000 75999999 0.23,0.29,0.20,0.27
11 76000000 77999999 0.16,0.27,0.19,0.38
11 78000000 79999999 0.18,0.30,0.20,0.32
11 80000000 81999999 0.17,0.22,0.18,0.42
11 82000000 83999999 0.20,0.31,0.15,0.34
11 84000000 85999999 0.16,0.25,0.17,0.42
11 86000000 87999999 0.20,0.21,0.17,0.41
11 88000000 89999999 0.28,0.29,0.16,0.26
11 90000000 91999999 0.18,0.24,0.13,0.45
11 92000000 93999999 0.14,0.25,0.17,0.43
11 94000000 95999999 0.17,0.35,0.23,0.25
11 96000000 97999999 0.20,0.30,0.21,0.29
11 98000000 99999999 0.13,0.27,0.21,0.39
11 100000000 101999999 0.10,0.27,0.19,0.45
11 102000000 103999999 0.13,0.27,0.22,0.39
11 104000000 105999999 0.09,0.17,0.15,0.60
11 106000000 107999999 0.10,0.20,0.21,0.50
11 108000000 109999999 0.14,0.26,0.15,0.45
11 110000000 111999999 0.03,0.10,0.09,0.78
11 112000000 113999999 0.19,0.27,0.21,0.34
11 114000000 115999999 0.11,0.30,0.18,0.40
11 116000000 117999999 0.11,0.28,0.23,0.38
11 118000000 119999999 0.13,0.30,0.22,0.35
11 120000000 121999999 0.14,0.33,0.22,0.31
11 122000000 122082543 1.00,0.00,0.00,0.00
12 0 1999999 1.00,0.00,0.00,0.00
12 2000000 3999999 0.31,0.30,0.16,0.23
12 4000000 5999999 0.29,0.31,0.12,0.28
12 6000000 7999999 0.16,0.08,0.20,0.56
12 8000000 9999999 0.16,0.18,0.20,0.46
12 10000000 11999999 0.16,0.15,0.19,0.50
12 12000000 13999999 0.14,0.19,0.16,0.50
12 14000000 15999999 0.36,0.43,0.07,0.14
12 16000000 17999999 0.20,0.23,0.20,0.37
12 18000000 19999999 0.18,0.27,0.36,0.18
12 20000000 21999999 0.20,0.24,0.16,0.39
12 22000000 23999999 0.49,0.29,0.12,0.10
12 24000000 25999999 0.12,0.26,0.27,0.36
12 26000000 27999999 0.34,0.25,0.09,0.31
12 28000000 29999999 0.23,0.33,0.18,0.26
12 30000000 31999999 0.14,0.30,0.15,0.42
12 32000000 33999999 0.32,0.18,0.11,0.39
12 34000000 35999999 0.15,0.32,0.19,0.34
12 36000000 37999999 0.27,0.23,0.23,0.27
12 38000000 39999999 0.19,0.31,0.19,0.31
12 40000000 41999999 0.11,0.26,0.21,0.42
12 42000000 43999999 0.50,0.50,0.00,0.00
12 44000000 45999999 0.30,0.23,0.18,0.30
12 46000000 47999999 0.38,0.12,0.12,0.38
12 48000000 49999999 0.44,0.17,0.06,0.33
12 50000000 51999999 0.04,0.24,0.21,0.51
12 52000000 53999999 0.19,0.27,0.15,0.38
12 54000000 55999999 0.10,0.14,0.19,0.57
12 56000000 57999999 0.42,0.11,0.11,0.36
12 58000000 59999999 0.14,0.15,0.11,0.61
12 60000000 61999999 0.50,0.21,0.07,0.21
12 62000000 63999999 0.60,0.40,0.00,0.00
12 64000000 65999999 0.09,0.15,0.14,0.62
12 66000000 67999999 0.28,0.32,0.04,0.36
12 68000000 69999999 0.14,0.22,0.13,0.50
12 70000000 71999999 0.17,0.20,0.22,0.41
12 72000000 73999999 0.22,0.26,0.15,0.37
12 74000000 75999999 0.17,0.22,0.14,0.46
12 76000000 77999999 0.21,0.28,0.20,0.31
12 78000000 79999999 0.16,0.24,0.23,0.37
12 80000000 81999999 0.21,0.30,0.23,0.27
12 82000000 83999999 0.29,0.17,0.14,0.40
12 84000000 85999999 0.16,0.30,0.18,0.36
12 86000000 87999999 0.29,0.32,0.17,0.23
12 88000000 89999999 0.26,0.28,0.17,0.30
12 90000000 91999999 0.31,0.24,0.18,0.27
12 92000000 93999999 0.50,0.00,0.00,0.50
12 94000000 95999999 0.40,0.00,0.20,0.40
12 96000000 97999999 0.50,0.00,0.00,0.50
12 98000000 99999999 0.15,0.16,0.16,0.53
12 100000000 101999999 0.14,0.24,0.20,0.43
12 102000000 103999999 0.26,0.27,0.18,0.30
12 104000000 105999999 0.15,0.27,0.21,0.37
12 106000000 107999999 0.46,0.37,0.06,0.11
12 108000000 109999999 0.32,0.31,0.13,0.23
12 110000000 111999999 0.25,0.35,0.19,0.21
12 112000000 113999999 0.36,0.40,0.13,0.10
12 114000000 115999999 0.30,0.37,0.12,0.22
12 116000000 117999999 0.22,0.26,0.17,0.35
12 118000000 119999999 0.16,0.22,0.21,0.41
12 120000000 120129022 0.83,0.17,0.00,0.00
13 0 1999999 1.00,0.00,0.00,0.00
13 2000000 3999999 0.18,0.22,0.14,0.45
13 4000000 5999999 0.12,0.18,0.13,0.57
13 6000000 7999999 0.15,0.29,0.18,0.38
13 8000000 9999999 0.15,0.22,0.18,0.44
13 10000000 11999999 0.12,0.19,0.17,0.52
13 12000000 13999999 0.16,0.26,0.21,0.37
13 14000000 15999999 0.23,0.20,0.20,0.37
13 16000000 17999999 0.16,0.24,0.25,0.35
13 18000000 19999999 0.27,0.24,0.17,0.31
13 20000000 21999999 0.22,0.25,0.15,0.38
13 22000000 23999999 0.34,0.26,0.10,0.30
13 24000000 25999999 0.22,0.27,0.17,0.33
13 26000000 27999999 0.23,0.16,0.15,0.46
13 28000000 29999999 0.30,0.25,0.05,0.40
13 30000000 31999999 0.36,0.25,0.13,0.26
13 32000000 33999999 0.21,0.20,0.12,0.48
13 34000000 35999999 0.24,0.24,0.21,0.30
13 36000000 37999999 0.21,0.25,0.22,0.32
13 38000000 39999999 0.15,0.25,0.17,0.43
13 40000000 41999999 0.24,0.25,0.15,0.36
13 42000000 43999999 0.20,0.34,0.13,0.33
13 44000000 45999999 0.32,0.40,0.13,0.14
13 46000000 47999999 0.13,0.22,0.17,0.48
13 48000000 49999999 0.15,0.31,0.18,0.36
13 50000000 51999999 0.21,0.32,0.19,0.27
13 52000000 53999999 0.31,0.24,0.15,0.30
13 54000000 55999999 0.15,0.35,0.23,0.27
13 56000000 57999999 0.28,0.31,0.15,0.27
13 58000000 59999999 0.24,0.30,0.14,0.32
13 60000000 61999999 0.22,0.31,0.16,0.32
13 62000000 63999999 0.15,0.21,0.17,0.46
13 64000000 65999999 0.15,0.26,0.18,0.41
13 66000000 67999999 0.22,0.22,0.16,0.40
13 68000000 69999999 0.13,0.18,0.19,0.49
13 70000000 71999999 0.31,0.32,0.18,0.18
13 72000000 73999999 0.15,0.34,0.23,0.28
13 74000000 75999999 0.12,0.17,0.22,0.49
13 76000000 77999999 0.13,0.16,0.14,0.58
13 78000000 79999999 0.79,0.08,0.04,0.08
13 80000000 81999999 0.16,0.16,0.18,0.50
13 82000000 83999999 0.51,0.29,0.06,0.14
13 84000000 85999999 0.18,0.21,0.12,0.48
13 86000000 87999999 0.50,0.20,0.00,0.30
13 88000000 89999999 0.26,0.16,0.28,0.30
13 90000000 91999999 0.34,0.21,0.12,0.33
13 92000000 93999999 0.16,0.23,0.23,0.38
13 94000000 95999999 0.16,0.16,0.21,0.47
13 96000000 97999999 0.29,0.27,0.21,0.23
13 98000000 99999999 0.19,0.21,0.11,0.49
13 100000000 101999999 0.13,0.19,0.14,0.54
13 102000000 103999999 0.26,0.35,0.10,0.29
13 104000000 105999999 0.09,0.20,0.13,0.58
13 106000000 107999999 0.16,0.32,0.20,0.32
13 108000000 109999999 0.20,0.23,0.16,0.41
13 110000000 111999999 0.30,0.25,0.06,0.39
13 112000000 113999999 0.19,0.26,0.18,0.37
13 114000000 115999999 0.33,0.29,0.14,0.23
13 116000000 117999999 0.18,0.23,0.16,0.43
13 118000000 119999999 0.45,0.20,0.18,0.18
13 120000000 120421639 0.69,0.23,0.00,0.08
14 0 1999999 1.00,0.00,0.00,0.00
14 2000000 3999999 0.73,0.23,0.02,0.02
14 4000000 5999999 0.75,0.23,0.01,0.01
14 6000000 7999999 0.53,0.29,0.08,0.10
14 8000000 9999999 0.15,0.24,0.21,0.40
14 10000000 11999999 0.72,0.21,0.00,0.07
14 12000000 13999999 0.28,0.22,0.14,0.37
14 14000000 15999999 0.24,0.21,0.18,0.36
14 16000000 17999999 0.08,0.14,0.23,0.56
14 18000000 19999999 0.40,0.32,0.07,0.22
14 20000000 21999999 0.13,0.33,0.19,0.36
14 22000000 23999999 0.33,0.32,0.09,0.26
14 24000000 25999999 0.23,0.35,0.22,0.20
14 26000000 27999999 0.21,0.14,0.13,0.51
14 28000000 29999999 0.15,0.26,0.22,0.36
14 30000000 31999999 0.09,0.32,0.22,0.37
14 32000000 33999999 0.29,0.31,0.15,0.25
14 34000000 35999999 0.22,0.33,0.21,0.25
14 36000000 37999999 0.18,0.16,0.12,0.53
14 38000000 39999999 0.62,0.08,0.08,0.23
14 40000000 41999999 0.22,0.47,0.14,0.17
14 42000000 43999999 0.32,0.48,0.10,0.11
14 44000000 45999999 0.27,0.30,0.12,0.31
14 46000000 47999999 0.19,0.24,0.23,0.34
14 48000000 49999999 0.22,0.26,0.12,0.40
14 50000000 51999999 0.30,0.34,0.12,0.24
14 52000000 53999999 0.16,0.18,0.13,0.53
14 54000000 55999999 0.20,0.28,0.23,0.30
14 56000000 57999999 0.17,0.22,0.14,0.47
14 58000000 59999999 0.14,0.29,0.26,0.32
14 60000000 61999999 0.17,0.27,0.15,0.42
14 62000000 63999999 0.26,0.25,0.15,0.34
14 64000000 65999999 0.16,0.32,0.22,0.30
14 66000000 67999999 0.17,0.26,0.23,0.34
14 68000000 69999999 0.39,0.28,0.15,0.17
14 70000000 71999999 0.16,0.29,0.25,0.31
14 72000000 73999999 0.42,0.19,0.09,0.29
14 74000000 75999999 0.17,0.18,0.13,0.51
14 76000000 77999999 0.24,0.25,0.15,0.36
14 78000000 79999999 0.13,0.23,0.18,0.46
14 80000000 81999999 0.12,0.00,0.25,0.62
14 82000000 83999999 0.50,0.50,0.00,0.00
14 84000000 85999999 0.00,0.50,0.00,0.50
14 86000000 87999999 0.24,0.27,0.22,0.27
14 88000000 89999999 0.73,0.09,0.09,0.09
14 90000000 91999999 1.00,0.00,0.00,0.00
14 92000000 93999999 0.56,0.22,0.00,0.22
14 94000000 95999999 0.50,0.25,0.00,0.25
14 96000000 97999999 0.25,0.21,0.21,0.32
14 98000000 99999999 0.12,0.27,0.15,0.47
14 100000000 101999999 0.22,0.25,0.17,0.36
14 102000000 103999999 0.12,0.20,0.25,0.42
14 104000000 105999999 0.23,0.26,0.19,0.32
14 106000000 107999999 0.75,0.17,0.08,0.00
14 108000000 109999999 0.67,0.17,0.00,0.17
14 110000000 111999999 0.70,0.20,0.00,0.10
14 112000000 113999999 0.67,0.00,0.00,0.33
14 114000000 115999999 0.55,0.30,0.00,0.15
14 116000000 117999999 0.29,0.21,0.21,0.29
14 118000000 119999999 0.19,0.26,0.18,0.37
14 120000000 121999999 0.19,0.27,0.17,0.37
14 122000000 123999999 0.14,0.17,0.19,0.49
14 124000000 124902244 0.50,0.25,0.00,0.25
15 0 1999999 1.00,0.00,0.00,0.00
15 2000000 3999999 0.40,0.22,0.13,0.25
15 4000000 5999999 0.19,0.24,0.21,0.35
15 6000000 7999999 0.16,0.21,0.23,0.40
15 8000000 9999999 0.10,0.15,0.12,0.63
15 10000000 11999999 0.20,0.15,0.15,0.50
15 12000000 13999999 0.14,0.27,0.20,0.39
15 14000000 15999999 0.67,0.33,0.00,0.00
15 16000000 17999999 0.15,0.00,0.08,0.77
15 18000000 19999999 0.58,0.25,0.12,0.04
15 20000000 21999999 0.29,0.24,0.10,0.38
15 22000000 23999999 0.68,0.16,0.11,0.05
15 24000000 25999999 0.18,0.31,0.14,0.37
15 26000000 27999999 0.11,0.30,0.23,0.36
15 28000000 29999999 0.05,0.18,0.23,0.54
15 30000000 31999999 0.18,0.33,0.21,0.27
15 32000000 33999999 0.32,0.25,0.20,0.23
15 34000000 35999999 0.13,0.26,0.21,0.40
15 36000000 37999999 0.20,0.22,0.16,0.42
15 38000000 39999999 0.15,0.15,0.11,0.59
15 40000000 41999999 0.32,0.20,0.18,0.30
15 42000000 43999999 0.15,0.21,0.13,0.51
15 44000000 45999999 0.10,0.19,0.19,0.52
15 46000000 47999999 0.23,0.25,0.14,0.38
15 48000000 49999999 0.20,0.20,0.05,0.55
15 50000000 51999999 0.18,0.15,0.18,0.49
15 52000000 53999999 0.17,0.32,0.17,0.32
15 54000000 55999999 0.11,0.20,0.22,0.47
15 56000000 57999999 0.19,0.24,0.12,0.45
15 58000000 59999999 0.26,0.23,0.16,0.35
15 60000000 61999999 0.38,0.33,0.19,0.10
15 62000000 63999999 0.37,0.18,0.07,0.38
15 64000000 65999999 0.21,0.26,0.17,0.36
15 66000000 67999999 0.18,0.26,0.14,0.42
15 68000000 69999999 0.23,0.23,0.11,0.43
15 70000000 71999999 0.09,0.31,0.22,0.38
15 72000000 73999999 0.28,0.37,0.21,0.14
15 74000000 75999999 0.28,0.38,0.16,0.18
15 76000000 77999999 0.19,0.37,0.20,0.24
15 78000000 79999999 0.22,0.35,0.20,0.22
15 80000000 81999999 0.20,0.34,0.17,0.29
15 82000000 83999999 0.34,0.33,0.17,0.17
15 84000000 85999999 0.30,0.40,0.18,0.11
15 86000000 87999999 0.58,0.32,0.06,0.03
15 88000000 89999999 0.36,0.43,0.14,0.07
15 90000000 91999999 0.31,0.25,0.13,0.31
15 92000000 93999999 0.20,0.32,0.19,0.28
15 94000000 95999999 0.27,0.24,0.20,0.28
15 96000000 97999999 0.29,0.38,0.18,0.15
15 98000000 99999999 0.36,0.35,0.14,0.14
15 100000000 101999999 0.33,0.34,0.17,0.16
15 102000000 103999999 0.30,0.34,0.15,0.21
15 104000000 104043685 1.00,0.00,0.00,0.00
16 0 1999999 1.00,0.00,0.00,0.00
16 2000000 3999999 0.23,0.33,0.14,0.30
16 4000000 5999999 0.33,0.27,0.21,0.19
16 6000000 7999999 0.67,0.33,0.00,0.00
16 8000000 9999999 0.15,0.26,0.16,0.43
16 10000000 11999999 0.27,0.31,0.13,0.29
16 12000000 13999999 0.18,0.23,0.19,0.40
16 14000000 15999999 0.07,0.16,0.22,0.55
16 16000000 17999999 0.19,0.38,0.17,0.26
16 18000000 19999999 0.31,0.30,0.19,0.20
16 20000000 21999999 0.18,0.29,0.22,0.30
16 22000000 23999999 0.18,0.28,0.21,0.33
16 24000000 25999999 0.27,0.33,0.17,0.22
16 26000000 27999999 0.31,0.20,0.14,0.34
16 28000000 29999999 0.12,0.23,0.19,0.47
16 30000000 31999999 0.19,0.21,0.12,0.47
16 32000000 33999999 0.17,0.22,0.15,0.46
16 34000000 35999999 0.17,0.26,0.22,0.35
16 36000000 37999999 0.20,0.25,0.16,0.39
16 38000000 39999999 0.19,0.33,0.16,0.32
16 40000000 41999999 0.68,0.14,0.14,0.05
16 42000000 43999999 0.26,0.20,0.17,0.37
16 44000000 45999999 0.10,0.23,0.22,0.45
16 46000000 47999999 0.33,0.39,0.11,0.17
16 48000000 49999999 0.26,0.13,0.17,0.45
16 50000000 51999999 0.32,0.29,0.18,0.21
16 52000000 53999999 0.16,0.16,0.13,0.55
16 54000000 55999999 0.11,0.22,0.22,0.44
16 56000000 57999999 0.13,0.24,0.19,0.44
16 58000000 59999999 0.34,0.24,0.10,0.32
16 60000000 61999999 0.52,0.24,0.00,0.24
16 62000000 63999999 0.17,0.28,0.09,0.47
16 64000000 65999999 0.29,0.24,0.12,0.36
16 66000000 67999999 0.30,0.35,0.20,0.15
16 68000000 69999999 0.40,0.00,0.00,0.60
16 70000000 71999999 0.17,0.22,0.06,0.56
16 72000000 73999999 0.17,0.35,0.13,0.35
16 74000000 75999999 0.28,0.34,0.12,0.26
16 76000000 77999999 0.52,0.20,0.06,0.22
16 78000000 79999999 0.19,0.16,0.21,0.44
16 80000000 81999999 0.21,0.12,0.21,0.46
16 82000000 83999999 0.33,0.33,0.33,0.00
16 84000000 85999999 0.18,0.24,0.11,0.46
16 86000000 87999999 0.14,0.26,0.21,0.39
16 88000000 89999999 0.10,0.20,0.26,0.44
16 90000000 91999999 0.12,0.20,0.22,0.45
16 92000000 93999999 0.29,0.24,0.18,0.29
16 94000000 95999999 0.20,0.17,0.16,0.47
16 96000000 97999999 0.19,0.26,0.22,0.34
16 98000000 98207768 0.00,0.00,0.00,1.00
17 0 1999999 1.00,0.00,0.00,0.00
17 2000000 3999999 0.12,0.36,0.21,0.31
17 4000000 5999999 0.29,0.20,0.09,0.41
17 6000000 7999999 0.13,0.19,0.14,0.54
17 8000000 9999999 0.18,0.22,0.17,0.43
17 10000000 11999999 0.45,0.30,0.11,0.13
17 12000000 13999999 0.21,0.24,0.14,0.40
17 14000000 15999999 0.10,0.18,0.16,0.56
17 16000000 17999999 0.20,0.29,0.12,0.39
17 18000000 19999999 0.50,0.37,0.04,0.09
17 20000000 21999999 0.52,0.14,0.06,0.28
17 22000000 23999999 0.47,0.22,0.11,0.20
17 24000000 25999999 0.20,0.44,0.19,0.17
17 26000000 27999999 0.22,0.45,0.16,0.17
17 28000000 29999999 0.24,0.34,0.18,0.24
17 30000000 31999999 0.14,0.27,0.17,0.42
17 32000000 33999999 0.24,0.29,0.20,0.27
17 34000000 35999999 0.18,0.30,0.25,0.27
17 36000000 37999999 0.37,0.25,0.14,0.23
17 38000000 39999999 0.78,0.14,0.03,0.05
17 40000000 41999999 0.40,0.23,0.14,0.23
17 42000000 43999999 0.21,0.17,0.17,0.45
17 44000000 45999999 0.18,0.34,0.14,0.34
17 46000000 47999999 0.17,0.38,0.19,0.25
17 48000000 49999999 0.17,0.34,0.22,0.27
17 50000000 51999999 0.25,0.24,0.15,0.36
17 52000000 53999999 0.19,0.13,0.15,0.54
17 54000000 55999999 0.21,0.27,0.19,0.33
17 56000000 57999999 0.12,0.31,0.26,0.32
17 58000000 59999999 0.14,0.16,0.18,0.51
17 60000000 61999999 0.71,0.14,0.00,0.14
17 62000000 63999999 0.30,0.26,0.16,0.28
17 64000000 65999999 0.22,0.25,0.16,0.38
17 66000000 67999999 0.12,0.30,0.25,0.33
17 68000000 69999999 0.16,0.24,0.10,0.50
17 70000000 71999999 0.14,0.23,0.17,0.46
17 72000000 73999999 0.12,0.41,0.23,0.24
17 74000000 75999999 0.11,0.24,0.17,0.48
17 76000000 77999999 0.50,0.25,0.00,0.25
17 78000000 79999999 0.13,0.24,0.26,0.38
17 80000000 81999999 0.13,0.18,0.23,0.46
17 82000000 83999999 0.28,0.21,0.16,0.35
17 84000000 85999999 0.11,0.22,0.22,0.46
17 86000000 87999999 0.15,0.24,0.20,0.41
17 88000000 89999999 0.09,0.29,0.19,0.43
17 90000000 91999999 0.43,0.31,0.05,0.21
17 92000000 93999999 0.50,0.12,0.25,0.12
17 94000000 94987271 0.23,0.29,0.17,0.31
18 0 1999999 1.00,0.00,0.00,0.00
18 2000000 3999999 0.31,0.27,0.14,0.29
18 4000000 5999999 0.23,0.23,0.24,0.29
18 6000000 7999999 0.15,0.19,0.18,0.47
18 8000000 9999999 0.17,0.26,0.22,0.34
18 10000000 11999999 0.14,0.23,0.12,0.51
18 12000000 13999999 0.18,0.30,0.20,0.32
18 14000000 15999999 0.26,0.30,0.12,0.32
18 16000000 17999999 0.49,0.33,0.03,0.15
18 18000000 19999999 0.17,0.06,0.17,0.61
18 20000000 21999999 0.05,0.20,0.17,0.58
18 22000000 23999999 0.25,0.18,0.22,0.35
18 24000000 25999999 0.17,0.22,0.24,0.37
18 26000000 27999999 0.50,0.00,0.50,0.00
18 28000000 29999999 1.00,0.00,0.00,0.00
18 30000000 31999999 0.14,0.31,0.23,0.31
18 32000000 33999999 0.24,0.18,0.14,0.43
18 34000000 35999999 0.16,0.29,0.18,0.38
18 36000000 37999999 0.10,0.25,0.30,0.35
18 38000000 39999999 0.25,0.27,0.15,0.33
18 40000000 41999999 0.17,0.22,0.17,0.43
18 42000000 43999999 0.17,0.14,0.19,0.50
18 44000000 45999999 0.21,0.21,0.07,0.51
18 46000000 47999999 0.27,0.27,0.13,0.34
18 48000000 49999999 0.25,0.12,0.18,0.45
18 50000000 51999999 0.26,0.15,0.17,0.43
18 52000000 53999999 0.13,0.24,0.14,0.50
18 54000000 55999999 0.42,0.45,0.06,0.06
18 56000000 57999999 0.25,0.26,0.17,0.32
18 58000000 59999999 0.09,0.14,0.27,0.50
18 60000000 61999999 0.16,0.32,0.24,0.28
18 62000000 63999999 0.23,0.20,0.20,0.38
18 64000000 65999999 0.22,0.21,0.19,0.38
18 66000000 67999999 0.16,0.21,0.17,0.46
18 68000000 69999999 0.23,0.25,0.16,0.36
18 70000000 71999999 0.09,0.18,0.22,0.50
18 72000000 73999999 0.09,0.20,0.23,0.48
18 74000000 75999999 0.21,0.26,0.20,0.33
18 76000000 77999999 0.25,0.21,0.16,0.39
18 78000000 79999999 0.15,0.25,0.15,0.45
18 80000000 81999999 0.28,0.30,0.18,0.23
18 82000000 83999999 0.58,0.25,0.05,0.12
18 84000000 85999999 0.22,0.19,0.16,0.43
18 86000000 87999999 0.20,0.25,0.20,0.35
18 88000000 89999999 0.21,0.17,0.25,0.37
18 90000000 90702639 0.11,0.11,0.26,0.53
19 0 1999999 1.00,0.00,0.00,0.00
19 2000000 3999999 0.13,0.31,0.23,0.32
19 4000000 5999999 0.18,0.39,0.22,0.21
19 6000000 7999999 0.17,0.37,0.19,0.27
19 8000000 9999999 0.17,0.28,0.20,0.35
19 10000000 11999999 0.21,0.35,0.18,0.26
19 12000000 13999999 0.70,0.15,0.04,0.11
19 14000000 15999999 0.29,0.21,0.16,0.34
19 16000000 17999999 0.14,0.21,0.20,0.46
19 18000000 19999999 0.08,0.27,0.21,0.43
19 20000000 21999999 0.12,0.18,0.20,0.50
19 22000000 23999999 0.22,0.19,0.10,0.49
19 24000000 25999999 0.17,0.26,0.20,0.38
19 26000000 27999999 0.29,0.19,0.16,0.36
19 28000000 29999999 0.18,0.22,0.19,0.40
19 30000000 31999999 0.21,0.25,0.16,0.38
19 32000000 33999999 0.12,0.24,0.17,0.47
19 34000000 35999999 0.16,0.23,0.14,0.48
19 36000000 37999999 0.11,0.26,0.18,0.45
19 38000000 39999999 0.11,0.16,0.20,0.53
19 40000000 41999999 0.18,0.32,0.16,0.34
19 42000000 43999999 0.18,0.38,0.22,0.22
19 44000000 45999999 0.16,0.27,0.19,0.38
19 46000000 47999999 0.17,0.31,0.20,0.32
19 48000000 49999999 0.06,0.25,0.28,0.41
19 50000000 51999999 0.24,0.29,0.29,0.19
19 52000000 53999999 0.27,0.27,0.11,0.35
19 54000000 55999999 0.14,0.21,0.23,0.42
19 56000000 57999999 0.17,0.37,0.20,0.26
19 58000000 59999999 0.24,0.27,0.17,0.32
19 60000000 61431566 0.21,0.27,0.20,0.32
2 0 1999999 1.00,0.00,0.00,0.00
2 2000000 3999999 0.19,0.29,0.20,0.31
2 4000000 5999999 0.20,0.24,0.21,0.36
2 6000000 7999999 0.40,0.24,0.10,0.27
2 8000000 9999999 0.36,0.30,0.15,0.19
2 10000000 11999999 0.26,0.34,0.16,0.23
2 12000000 13999999 0.14,0.24,0.22,0.39
2 14000000 15999999 0.35,0.26,0.10,0.29
2 16000000 17999999 0.21,0.28,0.11,0.40
2 18000000 19999999 0.29,0.19,0.14,0.38
2 20000000 21999999 0.31,0.21,0.20,0.28
2 22000000 23999999 0.22,0.23,0.14,0.42
2 24000000 25999999 0.23,0.39,0.19,0.18
2 26000000 27999999 0.23,0.39,0.21,0.17
2 28000000 29999999 0.29,0.33,0.17,0.21
2 30000000 31999999 0.25,0.37,0.17,0.21
2 32000000 33999999 0.26,0.36,0.23,0.15
2 34000000 35999999 0.19,0.22,0.19,0.40
2 36000000 37999999 0.35,0.24,0.11,0.29
2 38000000 39999999 0.38,0.20,0.16,0.27
2 40000000 41999999 0.17,0.30,0.17,0.36
2 42000000 43999999 0.29,0.19,0.06,0.45
2 44000000 45999999 0.48,0.25,0.15,0.12
2 46000000 47999999 0.57,0.43,0.00,0.00
2 48000000 49999999 0.20,0.19,0.12,0.49
2 50000000 51999999 0.44,0.21,0.17,0.17
2 52000000 53999999 0.17,0.40,0.16,0.27
2 54000000 55999999 0.34,0.29,0.14,0.23
2 56000000 57999999 0.39,0.10,0.18,0.33
2 58000000 59999999 0.19,0.26,0.20,0.35
2 60000000 61999999 0.21,0.19,0.17,0.42
2 62000000 63999999 0.25,0.18,0.12,0.45
2 64000000 65999999 0.23,0.27,0.21,0.29
2 66000000 67999999 0.23,0.20,0.14,0.43
2 68000000 69999999 0.14,0.23,0.18,0.44
2 70000000 71999999 0.14,0.16,0.13,0.57
2 72000000 73999999 0.25,0.21,0.15,0.39
2 74000000 75999999 0.38,0.15,0.14,0.34
2 76000000 77999999 0.11,0.30,0.21,0.39
2 78000000 79999999 0.29,0.14,0.22,0.35
2 80000000 81999999 0.22,0.29,0.17,0.32
2 82000000 83999999 0.14,0.15,0.16,0.55
2 84000000 85999999 0.34,0.22,0.10,0.35
2 86000000 87999999 0.77,0.13,0.02,0.08
2 88000000 89999999 0.87,0.13,0.00,0.00
2 90000000 91999999 0.14,0.27,0.22,0.37
2 92000000 93999999 0.29,0.33,0.16,0.23
2 94000000 95999999 0.21,0.35,0.27,0.17
2 96000000 97999999 0.73,0.18,0.05,0.05
2 98000000 99999999 0.38,0.12,0.00,0.50
2 100000000 101999999 0.20,0.30,0.12,0.38
2 102000000 103999999 0.27,0.28,0.13,0.32
2 104000000 105999999 0.17,0.25,0.12,0.46
2 106000000 107999999 0.46,0.25,0.07,0.22
2 108000000 109999999 0.29,0.22,0.10,0.38
2 110000000 111999999 0.34,0.16,0.10,0.40
2 112000000 113999999 0.19,0.23,0.18,0.40
2 114000000 115999999 0.40,0.22,0.13,0.25
2 116000000 117999999 0.32,0.20,0.05,0.43
2 118000000 119999999 0.15,0.23,0.19,0.43
2 120000000 121999999 0.10,0.33,0.23,0.34
2 122000000 123999999 0.12,0.18,0.24,0.47
2 124000000 125999999 0.12,0.22,0.24,0.42
2 126000000 127999999 0.13,0.27,0.17,0.43
2 128000000 129999999 0.26,0.22,0.19,0.33
2 130000000 131999999 0.21,0.35,0.17,0.26
2 132000000 133999999 0.32,0.21,0.15,0.32
2 134000000 135999999 0.25,0.26,0.09,0.41
2 136000000 137999999 0.22,0.14,0.20,0.45
2 138000000 139999999 0.36,0.32,0.07,0.25
2 140000000 141999999 0.25,0.18,0.18,0.39
2 142000000 143999999 0.15,0.22,0.24,0.39
2 144000000 145999999 0.24,0.22,0.20,0.34
2 146000000 147999999 0.20,0.19,0.10,0.51
2 148000000 149999999 0.20,0.30,0.12,0.37
2 150000000 151999999 0.23,0.23,0.20,0.34
2 152000000 153999999 0.18,0.27,0.23,0.32
2 154000000 155999999 0.17,0.31,0.21,0.32
2 156000000 157999999 0.23,0.24,0.16,0.37
2 158000000 159999999 0.22,0.25,0.24,0.29
2 160000000 161999999 0.17,0.35,0.22,0.27
2 162000000 163999999 0.20,0.28,0.19,0.33
2 164000000 165999999 0.18,0.31,0.20,0.31
2 166000000 167999999 0.36,0.30,0.17,0.16
2 168000000 169999999 0.30,0.31,0.14,0.24
2 170000000 171999999 0.42,0.23,0.11,0.24
2 172000000 173999999 0.25,0.31,0.17,0.26
2 174000000 175999999 0.23,0.31,0.17,0.29
2 176000000 177999999 0.24,0.25,0.22,0.29
2 178000000 179999999 0.15,0.26,0.11,0.47
2 180000000 181999999 0.26,0.39,0.20,0.16
2 182000000 182113224 1.00,0.00,0.00,0.00
3 0 1999999 1.00,0.00,0.00,0.00
3 2000000 3999999 0.25,0.05,0.05,0.65
3 4000000 5999999 0.53,0.31,0.10,0.06
3 6000000 7999999 0.47,0.27,0.06,0.20
3 8000000 9999999 0.35,0.29,0.14,0.23
3 10000000 11999999 0.28,0.19,0.26,0.26
3 12000000 13999999 0.56,0.31,0.06,0.06
3 14000000 15999999 0.19,0.23,0.19,0.38
3 16000000 17999999 0.45,0.34,0.07,0.14
3 18000000 19999999 0.22,0.22,0.17,0.39
3 20000000 21999999 0.26,0.19,0.18,0.37
3 22000000 23999999 0.55,0.36,0.04,0.06
3 24000000 25999999 0.54,0.11,0.14,0.21
3 26000000 27999999 0.26,0.26,0.18,0.30
3 28000000 29999999 0.21,0.26,0.19,0.34
3 30000000 31999999 0.21,0.26,0.15,0.38
3 32000000 33999999 0.29,0.22,0.12,0.37
3 34000000 35999999 0.36,0.28,0.09,0.28
3 36000000 37999999 0.24,0.23,0.16,0.38
3 38000000 39999999 0.46,0.17,0.06,0.31
3 40000000 41999999 0.29,0.18,0.13,0.39
3 42000000 43999999 0.55,0.36,0.09,0.00
3 44000000 45999999 0.57,0.31,0.06,0.06
3 46000000 47999999 0.79,0.07,0.07,0.07
3 48000000 49999999 0.65,0.29,0.04,0.02
3 50000000 51999999 0.43,0.25,0.10,0.22
3 52000000 53999999 0.41,0.21,0.15,0.23
3 54000000 55999999 0.25,0.21,0.13,0.40
3 56000000 57999999 0.32,0.21,0.10,0.38
3 58000000 59999999 0.38,0.27,0.14,0.21
3 60000000 61999999 0.52,0.26,0.06,0.16
3 62000000 63999999 0.18,0.15,0.08,0.59
3 64000000 65999999 0.73,0.11,0.03,0.13
3 66000000 67999999 0.28,0.21,0.22,0.30
3 68000000 69999999 0.25,0.21,0.11,0.43
3 70000000 71999999 0.64,0.16,0.08,0.12
3 72000000 73999999 0.40,0.21,0.06,0.34
3 74000000 75999999 0.32,0.22,0.10,0.36
3 76000000 77999999 0.31,0.24,0.17,0.28
3 78000000 79999999 0.20,0.25,0.18,0.37
3 80000000 81999999 0.33,0.18,0.05,0.44
3 82000000 83999999 0.36,0.21,0.18,0.25
3 84000000 85999999 0.25,0.25,0.18,0.31
3 86000000 87999999 0.22,0.33,0.15,0.31
3 88000000 89999999 0.21,0.34,0.19,0.26
3 90000000 91999999 0.14,0.32,0.23,0.30
3 92000000 93999999 0.38,0.28,0.12,0.22
3 94000000 95999999 0.17,0.26,0.21,0.36
3 96000000 97999999 0.27,0.30,0.23,0.20
3 98000000 99999999 0.30,0.28,0.16,0.26
3 100000000 101999999 0.18,0.31,0.18,0.33
3 102000000 103999999 0.21,0.17,0.13,0.50
3 104000000 105999999 0.27,0.23,0.19,0.31
3 106000000 107999999 0.21,0.25,0.15,0.39
3 108000000 109999999 0.09,0.24,0.18,0.50
3 110000000 111999999 0.56,0.31,0.00,0.12
3 112000000 113999999 0.19,0.17,0.12,0.52
3 114000000 115999999 0.10,0.20,0.13,0.57
3 116000000 117999999 0.17,0.23,0.12,0.48
3 118000000 119999999 0.39,0.19,0.11,0.31
3 120000000 121999999 0.40,0.19,0.10,0.31
3 122000000 123999999 0.29,0.24,0.20,0.27
3 124000000 125999999 0.46,0.26,0.05,0.23
3 126000000 127999999 0.37,0.24,0.18,0.21
3 128000000 129999999 0.29,0.26,0.15,0.30
3 130000000 131999999 0.29,0.26,0.17,0.29
3 132000000 133999999 0.37,0.15,0.09,0.39
3 134000000 135999999 0.30,0.26,0.15,0.29
3 136000000 137999999 0.38,0.30,0.13,0.19
3 138000000 139999999 0.25,0.27,0.15,0.33
3 140000000 141999999 0.37,0.17,0.19,0.28
3 142000000 143999999 0.33,0.25,0.12,0.30
3 144000000 145999999 0.21,0.21,0.17,0.40
3 146000000 147999999 0.27,0.21,0.13,0.39
3 148000000 149999999 0.58,0.25,0.10,0.07
3 150000000 151999999 0.39,0.20,0.10,0.31
3 152000000 153999999 0.24,0.25,0.11,0.39
3 154000000 155999999 0.28,0.16,0.17,0.39
3 156000000 157999999 0.43,0.21,0.09,0.27
3 158000000 159999999 0.30,0.20,0.11,0.38
3 160000000 160039680 1.00,0.00,0.00,0.00
4 0 1999999 1.00,0.00,0.00,0.00
4 2000000 3999999 0.22,0.34,0.14,0.30
4 4000000 5999999 0.37,0.21,0.05,0.37
4 6000000 7999999 0.30,0.22,0.09,0.40
4 8000000 9999999 0.28,0.23,0.10,0.40
4 10000000 11999999 0.23,0.17,0.18,0.42
4 12000000 13999999 0.32,0.20,0.09,0.39
4 14000000 15999999 0.21,0.14,0.12,0.53
4 16000000 17999999 0.36,0.32,0.00,0.32
4 18000000 19999999 0.24,0.17,0.08,0.50
4 20000000 21999999 0.14,0.19,0.20,0.47
4 22000000 23999999 0.46,0.24,0.08,0.22
4 24000000 25999999 0.25,0.29,0.13,0.33
4 26000000 27999999 0.39,0.33,0.06,0.22
4 28000000 29999999 0.49,0.26,0.15,0.10
4 30000000 31999999 0.40,0.30,0.17,0.13
4 32000000 33999999 0.14,0.24,0.25,0.37
4 34000000 35999999 0.15,0.29,0.18,0.39
4 36000000 37999999 0.42,0.39,0.03,0.16
4 38000000 39999999 0.69,0.19,0.03,0.09
4 40000000 41999999 0.19,0.30,0.18,0.33
4 42000000 43999999 0.19,0.29,0.20,0.31
4 44000000 45999999 0.24,0.27,0.15,0.34
4 46000000 47999999 0.20,0.25,0.21,0.34
4 48000000 49999999 0.14,0.26,0.16,0.43
4 50000000 51999999 0.47,0.20,0.20,0.13
4 52000000 53999999 0.25,0.21,0.16,0.38
4 54000000 55999999 0.43,0.22,0.12,0.22
4 56000000 57999999 0.14,0.27,0.21,0.38
4 58000000 59999999 0.14,0.23,0.19,0.44
4 60000000 61999999 0.09,0.13,0.16,0.61
4 62000000 63999999 0.22,0.31,0.18,0.29
4 64000000 65999999 0.19,0.37,0.07,0.37
4 66000000 67999999 0.28,0.22,0.22,0.28
4 68000000 69999999 0.37,0.41,0.07,0.15
4 70000000 71999999 0.19,0.28,0.06,0.47
4 72000000 73999999 0.14,0.24,0.17,0.45
4 74000000 75999999 0.16,0.19,0.21,0.44
4 76000000 77999999 0.40,0.26,0.11,0.23
4 78000000 79999999 0.75,0.17,0.08,0.00
4 80000000 81999999 0.22,0.08,0.11,0.59
4 82000000 83999999 0.29,0.21,0.14,0.36
4 84000000 85999999 0.28,0.19,0.08,0.45
4 86000000 87999999 0.17,0.25,0.17,0.42
4 88000000 89999999 0.39,0.24,0.11,0.26
4 90000000 91999999 0.51,0.15,0.12,0.22
4 92000000 93999999 0.45,0.14,0.10,0.31
4 94000000 95999999 0.33,0.13,0.16,0.38
4 96000000 97999999 0.13,0.32,0.19,0.36
4 98000000 99999999 0.17,0.28,0.13,0.43
4 100000000 101999999 0.18,0.24,0.19,0.40
4 102000000 103999999 0.27,0.33,0.14,0.26
4 104000000 105999999 0.16,0.22,0.26,0.36
4 106000000 107999999 0.25,0.33,0.17,0.25
4 108000000 109999999 0.19,0.28,0.16,0.37
4 110000000 111999999 0.17,0.18,0.14,0.51
4 112000000 113999999 0.60,0.23,0.05,0.12
4 114000000 115999999 0.24,0.22,0.13,0.40
4 116000000 117999999 0.22,0.31,0.17,0.30
4 118000000 119999999 0.33,0.22,0.18,0.28
4 120000000 121999999 0.20,0.31,0.18,0.31
4 122000000 123999999 0.22,0.30,0.22,0.26
4 124000000 125999999 0.29,0.35,0.14,0.22
4 126000000 127999999 0.15,0.24,0.21,0.39
4 128000000 129999999 0.22,0.31,0.20,0.27
4 130000000 131999999 0.23,0.35,0.20,0.22
4 132000000 133999999 0.23,0.38,0.17,0.22
4 134000000 135999999 0.24,0.28,0.21,0.28
4 136000000 137999999 0.23,0.33,0.22,0.22
4 138000000 139999999 0.16,0.31,0.23,0.30
4 140000000 141999999 0.21,0.39,0.22,0.17
4 142000000 143999999 0.23,0.21,0.22,0.34
4 144000000 145999999 0.12,0.25,0.17,0.45
4 146000000 147999999 0.07,0.19,0.15,0.59
4 148000000 149999999 0.20,0.34,0.24,0.22
4 150000000 151999999 0.25,0.24,0.21,0.30
4 152000000 153999999 0.22,0.43,0.17,0.18
4 154000000 155999999 0.19,0.39,0.24,0.19
4 156000000 156508116 0.47,0.27,0.10,0.17
5 0 1999999 1.00,0.00,0.00,0.00
5 2000000 3999999 0.25,0.29,0.20,0.26
5 4000000 5999999 0.20,0.27,0.17,0.36
5 6000000 7999999 0.64,0.17,0.06,0.14
5 8000000 9999999 0.18,0.21,0.15,0.46
5 10000000 11999999 0.47,0.29,0.08,0.16
5 12000000 13999999 0.45,0.17,0.11,0.27
5 14000000 15999999 0.26,0.23,0.08,0.43
5 16000000 17999999 0.17,0.26,0.16,0.40
5 18000000 19999999 0.55,0.15,0.06,0.24
5 20000000 21999999 0.14,0.25,0.19,0.41
5 22000000 23999999 0.39,0.20,0.14,0.28
5 24000000 25999999 0.22,0.32,0.19,0.27
5 26000000 27999999 0.17,0.26,0.18,0.38
5 28000000 29999999 0.25,0.22,0.16,0.38
5 30000000 31999999 0.19,0.39,0.20,0.22
5 32000000 33999999 0.17,0.32,0.16,0.35
5 34000000 35999999 0.21,0.36,0.20,0.23
5 36000000 37999999 0.27,0.36,0.17,0.20
5 38000000 39999999 0.31,0.38,0.10,0.22
5 40000000 41999999 0.16,0.40,0.13,0.31
5 42000000 43999999 0.30,0.18,0.17,0.35
5 44000000 45999999 0.38,0.26,0.12,0.24
5 46000000 47999999 0.60,0.30,0.00,0.10
5 48000000 49999999 0.50,0.18,0.09,0.24
5 50000000 51999999 0.56,0.25,0.03,0.16
5 52000000 53999999 0.29,0.27,0.15,0.29
5 54000000 55999999 0.42,0.24,0.21,0.12
5 56000000 57999999 0.67,0.22,0.03,0.08
5 58000000 59999999 0.86,0.14,0.00,0.00
5 60000000 61999999 0.38,0.50,0.06,0.06
5 62000000 63999999 0.37,0.16,0.17,0.30
5 64000000 65999999 0.27,0.26,0.14,0.33
5 66000000 67999999 0.33,0.16,0.14,0.37
5 68000000 69999999 0.35,0.22,0.09,0.33
5 70000000 71999999 0.33,0.24,0.09,0.33
5 72000000 73999999 0.19,0.19,0.23,0.39
5 74000000 75999999 0.33,0.22,0.13,0.31
5 76000000 77999999 0.19,0.21,0.18,0.43
5 78000000 79999999 0.62,0.38,0.00,0.00
5 80000000 81999999 0.26,0.28,0.12,0.35
5 82000000 83999999 0.42,0.00,0.08,0.50
5 84000000 85999999 0.20,0.28,0.16,0.36
5 86000000 87999999 0.14,0.20,0.15,0.51
5 88000000 89999999 0.15,0.26,0.16,0.43
5 90000000 91999999 0.27,0.27,0.10,0.36
5 92000000 93999999 0.22,0.32,0.14,0.32
5 94000000 95999999 0.56,0.23,0.08,0.13
5 96000000 97999999 0.22,0.33,0.20,0.25
5 98000000 99999999 0.39,0.24,0.09,0.28
5 100000000 101999999 0.18,0.20,0.16,0.47
5 102000000 103999999 0.30,0.32,0.13,0.25
5 104000000 105999999 0.29,0.20,0.17,0.34
5 106000000 107999999 0.25,0.22,0.10,0.43
5 108000000 109999999 0.36,0.19,0.16,0.30
5 110000000 111999999 0.26,0.34,0.16,0.25
5 112000000 113999999 0.31,0.36,0.19,0.15
5 114000000 115999999 0.14,0.34,0.20,0.32
5 116000000 117999999 0.33,0.30,0.15,0.22
5 118000000 119999999 0.48,0.28,0.10,0.15
5 120000000 121999999 0.26,0.30,0.16,0.28
5 122000000 123999999 0.19,0.28,0.18,0.36
5 124000000 125999999 0.28,0.36,0.18,0.19
5 126000000 127999999 0.53,0.25,0.10,0.12
5 128000000 129999999 0.31,0.27,0.17,0.25
5 130000000 131999999 0.34,0.25,0.20,0.21
5 132000000 133999999 0.47,0.33,0.03,0.17
5 134000000 135999999 0.20,0.31,0.21,0.28
5 136000000 137999999 0.19,0.29,0.19,0.33
5 138000000 139999999 0.17,0.34,0.22,0.26
5 140000000 141999999 0.32,0.37,0.13,0.19
5 142000000 143999999 0.22,0.29,0.17,0.31
5 144000000 145999999 0.16,0.23,0.14,0.47
5 146000000 147999999 0.22,0.23,0.19,0.36
5 148000000 149999999 0.38,0.28,0.13,0.21
5 150000000 151834684 0.31,0.21,0.17,0.31
6 0 1999999 1.00,0.00,0.00,0.00
6 2000000 3999999 0.28,0.29,0.10,0.32
6 4000000 5999999 0.23,0.19,0.14,0.44
6 6000000 7999999 0.42,0.19,0.11,0.28
6 8000000 9999999 0.18,0.18,0.19,0.46
6 10000000 11999999 0.39,0.12,0.15,0.33
6 12000000 13999999 0.17,0.26,0.14,0.43
6 14000000 15999999 0.30,0.23,0.11,0.36
6 16000000 17999999 0.37,0.18,0.16,0.28
6 18000000 19999999 0.21,0.27,0.17,0.35
6 20000000 21999999 0.31,0.33,0.11,0.25
6 22000000 23999999 0.16,0.20,0.21,0.43
6 24000000 25999999 0.20,0.27,0.17,0.35
6 26000000 27999999 0.35,0.18,0.06,0.41
6 28000000 29999999 0.17,0.34,0.21,0.28
6 30000000 31999999 0.28,0.21,0.16,0.36
6 32000000 33999999 0.36,0.17,0.16,0.30
6 34000000 35999999 0.18,0.26,0.14,0.42
6 36000000 37999999 0.19,0.21,0.21,0.39
6 38000000 39999999 0.19,0.30,0.17,0.33
6 40000000 41999999 0.37,0.23,0.16,0.24
6 42000000 43999999 0.37,0.33,0.16,0.14
6 44000000 45999999 0.72,0.16,0.04,0.08
6 46000000 47999999 0.20,0.23,0.18,0.38
6 48000000 49999999 0.32,0.34,0.17,0.17
6 50000000 51999999 0.25,0.16,0.19,0.39
6 52000000 53999999 0.40,0.26,0.11,0.22
6 54000000 55999999 0.29,0.25,0.16,0.30
6 56000000 57999999 0.40,0.15,0.17,0.28
6 58000000 59999999 0.40,0.19,0.12,0.29
6 60000000 61999999 0.47,0.12,0.16,0.25
6 62000000 63999999 0.68,0.23,0.05,0.05
6 64000000 65999999 0.28,0.23,0.19,0.30
6 66000000 67999999 0.39,0.30,0.12,0.19
6 68000000 69999999 0.40,0.22,0.11,0.27
6 70000000 71999999 0.28,0.21,0.13,0.38
6 72000000 73999999 0.23,0.26,0.19,0.32
6 74000000 75999999 0.45,0.36,0.18,0.00
6 76000000 77999999 0.51,0.17,0.10,0.22
6 78000000 79999999 0.44,0.25,0.13,0.17
6 80000000 81999999 0.52,0.22,0.07,0.19
6 82000000 83999999 0.22,0.28,0.17,0.33
6 84000000 85999999 0.28,0.23,0.16,0.33
6 86000000 87999999 0.25,0.32,0.17,0.26
6 88000000 89999999 0.36,0.33,0.15,0.16
6 90000000 91999999 0.35,0.33,0.19,0.13
6 92000000 93999999 0.22,0.28,0.15,0.34
6 94000000 95999999 0.42,0.34,0.12,0.12
6 96000000 97999999 0.24,0.30,0.10,0.36
6 98000000 99999999 0.43,0.28,0.09,0.19
6 100000000 101999999 0.41,0.26,0.12,0.21
6 102000000 103999999 0.35,0.22,0.16,0.27
6 104000000 105999999 0.28,0.15,0.18,0.38
6 106000000 107999999 0.28,0.23,0.16,0.33
6 108000000 109999999 0.32,0.38,0.13,0.17
6 110000000 111999999 0.61,0.22,0.04,0.13
6 112000000 113999999 0.20,0.32,0.20,0.27
6 114000000 115999999 0.32,0.32,0.14,0.21
6 116000000 117999999 0.41,0.22,0.17,0.20
6 118000000 119999999 0.19,0.28,0.21,0.32
6 120000000 121999999 0.13,0.20,0.18,0.50
6 122000000 123999999 0.32,0.20,0.19,0.29
6 124000000 125999999 0.18,0.29,0.21,0.32
6 126000000 127999999 0.30,0.29,0.15,0.27
6 128000000 129999999 0.24,0.28,0.15,0.33
6 130000000 131999999 0.17,0.23,0.18,0.42
6 132000000 133999999 0.48,0.12,0.17,0.24
6 134000000 135999999 0.37,0.22,0.17,0.25
6 136000000 137999999 0.24,0.23,0.20,0.33
6 138000000 139999999 0.42,0.24,0.09,0.25
6 140000000 141999999 0.26,0.26,0.19,0.30
6 142000000 143999999 0.26,0.19,0.15,0.40
6 144000000 145999999 0.33,0.31,0.14,0.22
6 146000000 147999999 0.17,0.26,0.20,0.36
6 148000000 149736546 0.24,0.23,0.18,0.34
7 0 1999999 1.00,0.00,0.00,0.00
7 2000000 3999999 0.19,0.33,0.23,0.25
7 4000000 5999999 0.30,0.31,0.14,0.25
7 6000000 7999999 0.55,0.21,0.08,0.16
7 8000000 9999999 0.78,0.17,0.00,0.05
7 10000000 11999999 0.49,0.25,0.05,0.21
7 12000000 13999999 0.27,0.26,0.15,0.32
7 14000000 15999999 0.26,0.34,0.12,0.28
7 16000000 17999999 0.23,0.30,0.21,0.27
7 18000000 19999999 0.27,0.36,0.19,0.19
7 20000000 21999999 0.46,0.37,0.09,0.07
7 22000000 23999999 0.49,0.26,0.08,0.17
7 24000000 25999999 0.28,0.30,0.20,0.22
7 26000000 27999999 0.17,0.35,0.23,0.25
7 28000000 29999999 0.20,0.33,0.19,0.28
7 30000000 31999999 0.23,0.35,0.18,0.24
7 32000000 33999999 0.27,0.37,0.14,0.22
7 34000000 35999999 0.22,0.19,0.20,0.38
7 36000000 37999999 0.60,0.21,0.03,0.16
7 38000000 39999999 0.41,0.28,0.10,0.21
7 40000000 41999999 0.59,0.23,0.10,0.08
7 42000000 43999999 0.24,0.28,0.18,0.30
7 44000000 45999999 0.20,0.37,0.20,0.23
7 46000000 47999999 0.16,0.32,0.19,0.33
7 48000000 49999999 0.43,0.19,0.14,0.24
7 50000000 51999999 0.24,0.26,0.22,0.28
7 52000000 53999999 0.59,0.29,0.00,0.12
7 54000000 55999999 0.21,0.25,0.21,0.33
7 56000000 57999999 0.18,0.31,0.22,0.29
7 58000000 59999999 0.66,0.27,0.04,0.02
7 60000000 61999999 0.74,0.18,0.03,0.05
7 62000000 63999999 0.58,0.28,0.08,0.06
7 64000000 65999999 0.23,0.28,0.20,0.29
7 66000000 67999999 0.29,0.33,0.16,0.23
7 68000000 69999999 0.64,0.20,0.06,0.09
7 70000000 71999999 0.77,0.19,0.02,0.02
7 72000000 73999999 0.69,0.15,0.11,0.05
7 74000000 75999999 0.34,0.32,0.18,0.15
7 76000000 77999999 0.19,0.19,0.10,0.52
7 78000000 79999999 0.31,0.36,0.13,0.21
7 80000000 81999999 0.20,0.29,0.18,0.33
7 82000000 83999999 0.35,0.24,0.13,0.28
7 84000000 85999999 0.70,0.15,0.06,0.09
7 86000000 87999999 0.64,0.08,0.06,0.23
7 88000000 89999999 0.36,0.24,0.17,0.24
7 90000000 91999999 0.37,0.21,0.12,0.30
7 92000000 93999999 0.37,0.25,0.12,0.26
7 94000000 95999999 0.69,0.15,0.00,0.15
7 96000000 97999999 0.23,0.30,0.14,0.33
7 98000000 99999999 0.36,0.36,0.12,0.16
7 100000000 101999999 0.22,0.33,0.21,0.24
7 102000000 103999999 0.37,0.19,0.13,0.30
7 104000000 105999999 0.40,0.28,0.13,0.19
7 106000000 107999999 0.44,0.19,0.10,0.27
7 108000000 109999999 0.37,0.26,0.18,0.19
7 110000000 111999999 0.16,0.24,0.16,0.43
7 112000000 113999999 0.22,0.17,0.15,0.46
7 114000000 115999999 0.29,0.24,0.16,0.31
7 116000000 117999999 0.36,0.16,0.10,0.37
7 118000000 119999999 0.18,0.28,0.19,0.35
7 120000000 121999999 0.23,0.25,0.16,0.36
7 122000000 123999999 0.17,0.31,0.16,0.36
7 124000000 125999999 0.34,0.28,0.20,0.18
7 126000000 127999999 0.24,0.33,0.20,0.23
7 128000000 129999999 0.21,0.37,0.23,0.19
7 130000000 131999999 0.23,0.25,0.15,0.38
7 132000000 133999999 0.25,0.29,0.21,0.26
7 134000000 135999999 0.25,0.23,0.12,0.40
7 136000000 137999999 0.11,0.16,0.22,0.51
7 138000000 139999999 0.34,0.37,0.14,0.14
7 140000000 141999999 0.22,0.40,0.20,0.18
7 142000000 143999999 0.31,0.30,0.15,0.24
7 144000000 145441459 0.46,0.25,0.12,0.16
8 0 1999999 1.00,0.00,0.00,0.00
8 2000000 3999999 0.13,0.28,0.22,0.36
8 4000000 5999999 0.42,0.30,0.07,0.20
8 6000000 7999999 0.70,0.22,0.04,0.04
8 8000000 9999999 0.68,0.21,0.02,0.09
8 10000000 11999999 0.34,0.25,0.16,0.24
8 12000000 13999999 0.16,0.30,0.21,0.33
8 14000000 15999999 0.20,0.35,0.20,0.25
8 16000000 17999999 0.32,0.27,0.20,0.21
8 18000000 19999999 0.14,0.32,0.15,0.40
8 20000000 21999999 0.20,0.18,0.05,0.57
8 22000000 23999999 0.15,0.27,0.22,0.36
8 24000000 25999999 0.12,0.29,0.23,0.36
8 26000000 27999999 0.16,0.20,0.18,0.45
8 28000000 29999999 0.10,0.30,0.10,0.50
8 30000000 31999999 0.19,0.36,0.19,0.27
8 32000000 33999999 0.23,0.21,0.14,0.42
8 34000000 35999999 0.48,0.23,0.09,0.21
8 36000000 37999999 0.27,0.28,0.15,0.30
8 38000000 39999999 0.46,0.36,0.07,0.11
8 40000000 41999999 0.17,0.16,0.11,0.56
8 42000000 43999999 0.47,0.19,0.09,0.25
8 44000000 45999999 0.20,0.23,0.17,0.40
8 46000000 47999999 0.18,0.21,0.18,0.43
8 48000000 49999999 0.28,0.20,0.15,0.37
8 50000000 51999999 1.00,0.00,0.00,0.00
8 52000000 53999999 0.23,0.30,0.07,0.40
8 54000000 55999999 0.19,0.33,0.09,0.38
8 56000000 57999999 0.29,0.31,0.15,0.25
8 58000000 59999999 0.79,0.05,0.05,0.11
8 60000000 61999999 0.15,0.33,0.15,0.36
8 62000000 63999999 0.20,0.26,0.06,0.48
8 64000000 65999999 0.14,0.17,0.20,0.49
8 66000000 67999999 0.31,0.20,0.09,0.40
8 68000000 69999999 0.24,0.36,0.16,0.24
8 70000000 71999999 0.18,0.38,0.25,0.19
8 72000000 73999999 0.17,0.27,0.22,0.33
8 74000000 75999999 0.16,0.34,0.24,0.25
8 76000000 77999999 0.36,0.26,0.14,0.24
8 78000000 79999999 0.16,0.20,0.19,0.45
8 80000000 81999999 0.23,0.30,0.18,0.29
8 82000000 83999999 0.16,0.36,0.19,0.29
8 84000000 85999999 0.18,0.32,0.23,0.27
8 86000000 87999999 0.34,0.22,0.14,0.30
8 88000000 89999999 0.19,0.29,0.22,0.30
8 90000000 91999999 0.21,0.21,0.19,0.39
8 92000000 93999999 0.13,0.32,0.17,0.38
8 94000000 95999999 0.14,0.29,0.20,0.37
8 96000000 97999999 0.50,0.33,0.00,0.17
8 98000000 99999999 0.36,0.18,0.18,0.27
8 100000000 101999999 0.50,0.33,0.00,0.17
8 102000000 103999999 0.25,0.12,0.06,0.56
8 104000000 105999999 0.20,0.35,0.18,0.28
8 106000000 107999999 0.12,0.35,0.21,0.32
8 108000000 109999999 0.14,0.22,0.16,0.48
8 110000000 111999999 0.15,0.30,0.15,0.41
8 112000000 113999999 0.11,0.26,0.18,0.45
8 114000000 115999999 0.27,0.29,0.20,0.24
8 116000000 117999999 0.08,0.26,0.27,0.39
8 118000000 119999999 0.16,0.37,0.23,0.25
8 120000000 121999999 0.41,0.38,0.11,0.10
8 122000000 123999999 0.20,0.37,0.23,0.20
8 124000000 125999999 0.15,0.32,0.20,0.33
8 126000000 127999999 0.35,0.31,0.14,0.20
8 128000000 129401213 0.27,0.14,0.12,0.46
9 0 1999999 1.00,0.00,0.00,0.00
9 2000000 3999999 0.08,0.07,0.12,0.73
9 4000000 5999999 0.22,0.29,0.13,0.37
9 6000000 7999999 0.08,0.20,0.23,0.48
9 8000000 9999999 0.21,0.27,0.13,0.39
9 10000000 11999999 0.33,0.17,0.17,0.33
9 12000000 13999999 0.27,0.16,0.11,0.45
9 14000000 15999999 0.13,0.28,0.17,0.42
9 16000000 17999999 0.00,0.00,0.30,0.70
9 18000000 19999999 0.58,0.20,0.06,0.16
9 20000000 21999999 0.26,0.30,0.16,0.28
9 22000000 23999999 0.17,0.30,0.24,0.29
9 24000000 25999999 0.28,0.21,0.12,0.38
9 26000000 27999999 0.17,0.27,0.18,0.38
9 28000000 29999999 0.39,0.24,0.03,0.34
9 30000000 31999999 0.12,0.31,0.18,0.39
9 32000000 33999999 0.56,0.25,0.04,0.15
9 34000000 35999999 0.30,0.27,0.19,0.24
9 36000000 37999999 0.22,0.31,0.17,0.30
9 38000000 39999999 0.71,0.10,0.09,0.09
9 40000000 41999999 0.29,0.25,0.18,0.27
9 42000000 43999999 0.22,0.19,0.22,0.38
9 44000000 45999999 0.15,0.26,0.26,0.33
9 46000000 47999999 0.18,0.28,0.25,0.28
9 48000000 49999999 0.13,0.30,0.23,0.34
9 50000000 51999999 0.21,0.29,0.23,0.27
9 52000000 53999999 0.12,0.20,0.19,0.50
9 54000000 55999999 0.12,0.21,0.19,0.48
9 56000000 57999999 0.28,0.28,0.19,0.25
9 58000000 59999999 0.17,0.25,0.21,0.38
9 60000000 61999999 0.08,0.20,0.25,0.47
9 62000000 63999999 0.22,0.36,0.17,0.26
9 64000000 65999999 0.19,0.24,0.17,0.40
9 66000000 67999999 0.12,0.28,0.18,0.42
9 68000000 69999999 0.28,0.24,0.17,0.32
9 70000000 71999999 0.15,0.23,0.19,0.42
9 72000000 73999999 0.31,0.20,0.11,0.38
9 74000000 75999999 0.21,0.28,0.14,0.38
9 76000000 77999999 0.29,0.27,0.12,0.33
9 78000000 79999999 0.10,0.20,0.15,0.56
9 80000000 81999999 0.29,0.12,0.12,0.47
9 82000000 83999999 0.26,0.23,0.15,0.36
9 84000000 85999999 0.45,0.18,0.19,0.18
9 86000000 87999999 0.17,0.26,0.22,0.35
9 88000000 89999999 0.32,0.19,0.12,0.37
9 90000000 91999999 0.29,0.32,0.15,0.23
9 92000000 93999999 0.37,0.26,0.08,0.30
9 94000000 95999999 0.15,0.25,0.16,0.43
9 96000000 97999999 0.24,0.27,0.12,0.36
9 98000000 99999999 0.18,0.36,0.16,0.30
9 100000000 101999999 0.31,0.17,0.19,0.33
9 102000000 103999999 0.28,0.29,0.14,0.29
9 104000000 105999999 0.36,0.23,0.11,0.29
9 106000000 107999999 0.25,0.34,0.17,0.24
9 108000000 109999999 0.13,0.30,0.21,0.36
9 110000000 111999999 0.20,0.33,0.21,0.26
9 112000000 113999999 0.26,0.24,0.20,0.31
9 114000000 115999999 0.21,0.26,0.17,0.35
9 116000000 117999999 0.29,0.25,0.12,0.35
9 118000000 119999999 0.14,0.26,0.24,0.36
9 120000000 121999999 0.26,0.31,0.21,0.23
9 122000000 123999999 0.26,0.29,0.12,0.33
9 124000000 124595110 0.76,0.15,0.00,0.09
MT 0 16299 0.00,0.00,0.07,0.93
X 0 1999999 1.00,0.00,0.00,0.00
X 2000000 3999999 0.28,0.52,0.12,0.08
X 4000000 5999999 0.31,0.55,0.07,0.07
X 6000000 7999999 0.14,0.23,0.23,0.40
X 8000000 9999999 0.15,0.22,0.23,0.40
X 10000000 11999999 0.30,0.37,0.11,0.22
X 12000000 13999999 0.13,0.25,0.18,0.43
X 14000000 15999999 0.56,0.25,0.06,0.12
X 16000000 17999999 0.10,0.13,0.30,0.46
X 18000000 19999999 0.21,0.25,0.15,0.39
X 20000000 21999999 0.17,0.22,0.20,0.42
X 22000000 23999999 0.21,0.29,0.15,0.35
X 24000000 25999999 0.22,0.25,0.16,0.37
X 26000000 27999999 0.30,0.21,0.06,0.43
X 28000000 29999999 0.38,0.18,0.10,0.33
X 30000000 31999999 0.29,0.36,0.09,0.26
X 32000000 33999999 0.17,0.67,0.13,0.03
X 34000000 35999999 0.37,0.27,0.12,0.24
X 36000000 37999999 0.20,0.21,0.14,0.46
X 38000000 39999999 0.13,0.25,0.23,0.39
X 40000000 41999999 0.24,0.34,0.17,0.25
X 42000000 43999999 0.15,0.26,0.12,0.46
X 44000000 45999999 0.47,0.00,0.07,0.47
X 46000000 47999999 0.40,0.30,0.13,0.17
X 48000000 49999999 0.15,0.26,0.23,0.36
X 50000000 51999999 0.31,0.17,0.17,0.36
X 52000000 53999999 0.20,0.17,0.15,0.47
X 54000000 55999999 0.42,0.34,0.07,0.17
X 56000000 57999999 0.12,0.18,0.22,0.48
X 58000000 59999999 0.37,0.32,0.13,0.18
X 60000000 61999999 0.25,0.21,0.10,0.44
X 62000000 63999999 0.54,0.21,0.08,0.17
X 64000000 65999999 0.28,0.20,0.16,0.36
X 66000000 67999999 0.17,0.14,0.08,0.61
X 68000000 69999999 0.25,0.17,0.11,0.47
X 70000000 71999999 0.22,0.26,0.15,0.37
X 72000000 73999999 0.13,0.33,0.24,0.30
X 74000000 75999999 0.10,0.29,0.22,0.40
X 76000000 77999999 0.34,0.20,0.17,0.29
X 78000000 79999999 0.46,0.18,0.10,0.26
X 80000000 81999999 0.26,0.16,0.26,0.32
X 82000000 83999999 0.17,0.26,0.16,0.41
X 84000000 85999999 0.22,0.31,0.22,0.24
X 86000000 87999999 0.32,0.21,0.12,0.35
X 88000000 89999999 0.26,0.21,0.05,0.48
X 90000000 91999999 0.36,0.09,0.09,0.45
X 92000000 93999999 0.18,0.27,0.24,0.32
X 94000000 95999999 0.26,0.30,0.21,0.24
X 96000000 97999999 0.11,0.32,0.26,0.31
X 98000000 99999999 0.26,0.33,0.11,0.31
X 100000000 101999999 0.10,0.25,0.20,0.45
X 102000000 103999999 0.25,0.21,0.21,0.33
X 104000000 105999999 0.27,0.21,0.16,0.36
X 106000000 107999999 0.17,0.25,0.22,0.36
X 108000000 109999999 0.31,0.29,0.11,0.29
X 110000000 111999999 0.22,0.13,0.19,0.46
X 112000000 113999999 0.31,0.22,0.16,0.31
X 114000000 115999999 0.35,0.20,0.17,0.28
X 116000000 117999999 0.61,0.22,0.00,0.17
X 118000000 119999999 0.38,0.31,0.15,0.15
X 120000000 121999999 0.53,0.29,0.08,0.11
X 122000000 123999999 0.57,0.15,0.09,0.20
X 124000000 125999999 0.80,0.20,0.00,0.00
X 126000000 127999999 0.60,0.12,0.00,0.28
X 128000000 129999999 0.34,0.19,0.19,0.28
X 130000000 131999999 0.55,0.23,0.05,0.18
X 132000000 133999999 0.26,0.19,0.19,0.36
X 134000000 135999999 0.17,0.21,0.15,0.47
X 136000000 137999999 0.27,0.29,0.16,0.28
X 138000000 139999999 0.25,0.13,0.17,0.45
X 140000000 141999999 0.20,0.20,0.15,0.45
X 142000000 143999999 0.09,0.29,0.16,0.45
X 144000000 145999999 0.19,0.20,0.14,0.46
X 146000000 147999999 0.31,0.20,0.07,0.42
X 148000000 149999999 0.40,0.30,0.06,0.24
X 150000000 151999999 0.23,0.20,0.21,0.37
X 152000000 153999999 0.25,0.28,0.08,0.39
X 154000000 155999999 0.23,0.16,0.10,0.51
X 156000000 157999999 0.15,0.24,0.17,0.44
X 158000000 159999999 0.37,0.18,0.15,0.29
X 160000000 161999999 0.22,0.17,0.14,0.47
X 162000000 163999999 0.29,0.26,0.13,0.32
X 164000000 165999999 0.13,0.26,0.25,0.36
X 166000000 167999999 0.28,0.26,0.14,0.33
X 168000000 169999999 0.31,0.27,0.14,0.28
X 170000000 171031299 0.58,0.37,0.00,0.05
Y 0 1999999 0.99,0.01,0.00,0.00
Y 2000000 3999999 0.99,0.01,0.00,0.00
Y 4000000 5999999 1.00,0.00,0.00,0.00
Y 6000000 7999999 1.00,0.00,0.00,0.00
Y 8000000 9999999 1.00,0.00,0.00,0.00
Y 10000000 11999999 0.99,0.00,0.00,0.01
Y 12000000 13999999 1.00,0.00,0.00,0.00
Y 14000000 15999999 1.00,0.00,0.00,0.00
Y 16000000 17999999 1.00,0.00,0.00,0.00
Y 18000000 19999999 1.00,0.00,0.00,0.00
Y 20000000 21999999 1.00,0.00,0.00,0.00
Y 22000000 23999999 1.00,0.00,0.00,0.00
Y 24000000 25999999 1.00,0.00,0.00,0.00
Y 26000000 27999999 1.00,0.00,0.00,0.00
Y 28000000 29999999 1.00,0.00,0.00,0.00
Y 30000000 31999999 1.00,0.00,0.00,0.00
Y 32000000 33999999 1.00,0.00,0.00,0.00
Y 34000000 35999999 1.00,0.00,0.00,0.00
Y 36000000 37999999 1.00,0.00,0.00,0.00
Y 38000000 39999999 0.99,0.01,0.00,0.00
Y 40000000 41999999 0.98,0.02,0.00,0.00
Y 42000000 43999999 1.00,0.00,0.00,0.00
Y 44000000 45999999 1.00,0.00,0.00,0.00
Y 46000000 47999999 1.00,0.00,0.00,0.00
Y 48000000 49999999 1.00,0.00,0.00,0.00
Y 50000000 51999999 1.00,0.00,0.00,0.00
Y 52000000 53999999 1.00,0.00,0.00,0.00
Y 54000000 55999999 1.00,0.00,0.00,0.00
Y 56000000 57999999 1.00,0.00,0.00,0.00
Y 58000000 59999999 1.00,0.00,0.00,0.00
Y 60000000 61999999 1.00,0.00,0.00,0.00
Y 62000000 63999999 1.00,0.00,0.00,0.00
Y 64000000 65999999 1.00,0.00,0.00,0.00
Y 66000000 67999999 1.00,0.00,0.00,0.00
Y 68000000 69999999 1.00,0.00,0.00,0.00
Y 70000000 71999999 1.00,0.00,0.00,0.00
Y 72000000 73999999 1.00,0.00,0.00,0.00
Y 74000000 75999999 1.00,0.00,0.00,0.00
Y 76000000 77999999 1.00,0.00,0.00,0.00
Y 78000000 79999999 1.00,0.00,0.00,0.00
Y 80000000 81999999 1.00,0.00,0.00,0.00
Y 82000000 83999999 1.00,0.00,0.00,0.00
Y 84000000 85999999 1.00,0.00,0.00,0.00
Y 86000000 87999999 1.00,0.00,0.00,0.00
Y 88000000 89999999 1.00,0.00,0.00,0.00
Y 90000000 91744698 0.94,0.06,0.00,0.00
