1	0	1999999	100.000
1	2000000	3999999	85.528
1	4000000	5999999	67.224
1	6000000	7999999	66.972
1	8000000	9999999	69.777
1	10000000	11999999	67.444
1	12000000	13999999	69.767
1	14000000	15999999	68.944
1	16000000	17999999	67.994
1	18000000	19999999	69.216
1	20000000	21999999	68.472
1	22000000	23999999	66.900
1	24000000	25999999	68.509
1	26000000	27999999	69.210
1	28000000	29999999	71.926
1	30000000	31999999	70.987
1	32000000	33999999	70.065
1	34000000	35999999	65.024
1	36000000	37999999	60.951
1	38000000	39999999	67.097
1	40000000	41999999	71.101
1	42000000	43999999	64.943
1	44000000	45999999	68.097
1	46000000	47999999	66.393
1	48000000	49999999	70.923
1	50000000	51999999	73.116
1	52000000	53999999	65.694
1	54000000	55999999	71.665
1	56000000	57999999	68.057
1	58000000	59999999	63.675
1	60000000	61999999	68.159
1	62000000	63999999	64.942
1	64000000	65999999	68.561
1	66000000	67999999	67.550
1	68000000	69999999	70.511
1	70000000	71999999	68.628
1	72000000	73999999	69.657
1	74000000	75999999	58.846
1	76000000	77999999	68.253
1	78000000	79999999	65.922
1	80000000	81999999	70.141
1	82000000	83999999	63.832
1	84000000	85999999	58.652
1	86000000	87999999	68.274
1	88000000	89999999	64.318
1	90000000	91999999	68.525
1	92000000	93999999	65.305
1	94000000	95999999	71.809
1	96000000	97999999	68.858
1	98000000	99999999	66.603
1	100000000	101999999	68.472
1	102000000	103999999	68.658
1	104000000	105999999	66.197
1	106000000	107999999	67.508
1	108000000	109999999	67.843
1	110000000	111999999	70.198
1	112000000	113999999	67.377
1	114000000	115999999	67.105
1	116000000	117999999	68.209
1	118000000	119999999	67.443
1	120000000	121999999	64.952
1	122000000	123999999	69.994
1	124000000	125999999	69.163
1	126000000	127999999	67.179
1	128000000	129999999	69.955
1	130000000	131999999	65.439
1	132000000	133999999	68.954
1	134000000	135999999	68.870
1	136000000	137999999	66.088
1	138000000	139999999	68.417
1	140000000	141999999	73.856
1	142000000	143999999	70.561
1	144000000	145999999	69.190
1	146000000	147999999	70.877
1	148000000	149999999	69.824
1	150000000	151999999	62.357
1	152000000	153999999	65.156
1	154000000	155999999	65.755
1	156000000	157999999	71.841
1	158000000	159999999	69.794
1	160000000	161999999	66.051
1	162000000	163999999	64.741
1	164000000	165999999	71.192
1	166000000	167999999	61.918
1	168000000	169999999	70.887
1	170000000	171999999	62.671
1	172000000	173999999	66.155
1	174000000	175999999	67.268
1	176000000	177999999	65.857
1	178000000	179999999	64.272
1	180000000	181999999	64.576
1	182000000	183999999	68.497
1	184000000	185999999	66.800
1	186000000	187999999	67.317
1	188000000	189999999	65.706
1	190000000	191999999	67.335
1	192000000	193999999	68.266
1	194000000	195471971	67.317
10	0	1999999	100.000
10	2000000	3999999	85.777
10	4000000	5999999	67.351
10	6000000	7999999	70.333
10	8000000	9999999	70.174
10	10000000	11999999	69.800
10	12000000	13999999	71.615
10	14000000	15999999	69.517
10	16000000	17999999	73.151
10	18000000	19999999	70.225
10	20000000	21999999	69.192
10	22000000	23999999	66.118
10	24000000	25999999	68.828
10	26000000	27999999	69.961
10	28000000	29999999	71.606
10	30000000	31999999	70.002
10	32000000	33999999	67.722
10	34000000	35999999	68.731
10	36000000	37999999	73.464
10	38000000	39999999	71.398
10	40000000	41999999	69.021
10	42000000	43999999	68.448
10	44000000	45999999	69.255
10	46000000	47999999	67.832
10	48000000	49999999	71.458
10	50000000	51999999	70.079
10	52000000	53999999	65.959
10	54000000	55999999	73.280
10	56000000	57999999	73.618
10	58000000	59999999	67.252
10	60000000	61999999	65.891
10	62000000	63999999	58.891
10	64000000	65999999	71.037
10	66000000	67999999	66.704
10	68000000	69999999	66.619
10	70000000	71999999	67.492
10	72000000	73999999	74.388
10	74000000	75999999	66.012
10	76000000	77999999	58.344
10	78000000	79999999	63.628
10	80000000	81999999	65.238
10	82000000	83999999	64.630
10	84000000	85999999	64.276
10	86000000	87999999	61.363
10	88000000	89999999	65.965
10	90000000	91999999	70.341
10	92000000	93999999	66.606
10	94000000	95999999	71.489
10	96000000	97999999	69.229
10	98000000	99999999	69.043
10	100000000	101999999	69.764
10	102000000	103999999	70.158
10	104000000	105999999	69.327
10	106000000	107999999	72.695
10	108000000	109999999	71.149
10	110000000	111999999	68.377
10	112000000	113999999	73.547
10	114000000	115999999	69.357
10	116000000	117999999	67.211
10	118000000	119999999	66.994
10	120000000	121999999	66.782
10	122000000	123999999	68.550
10	124000000	125999999	72.430
10	126000000	127999999	61.490
10	128000000	129999999	63.563
10	130000000	130694993	72.919
11	0	1999999	100.000
11	2000000	3999999	81.225
11	4000000	5999999	66.607
11	6000000	7999999	66.132
11	8000000	9999999	66.024
11	10000000	11999999	65.757
11	12000000	13999999	71.095
11	14000000	15999999	69.903
11	16000000	17999999	68.719
11	18000000	19999999	72.254
11	20000000	21999999	70.855
11	22000000	23999999	66.266
11	24000000	25999999	67.281
11	26000000	27999999	68.878
11	28000000	29999999	64.982
11	30000000	31999999	69.584
11	32000000	33999999	63.560
11	34000000	35999999	70.474
11	36000000	37999999	68.352
11	38000000	39999999	70.827
11	40000000	41999999	67.685
11	42000000	43999999	71.668
11	44000000	45999999	68.867
11	46000000	47999999	68.683
11	48000000	49999999	65.840
11	50000000	51999999	62.310
11	52000000	53999999	63.097
11	54000000	55999999	60.165
11	56000000	57999999	66.240
11	58000000	59999999	63.110
11	60000000	61999999	62.904
11	62000000	63999999	61.960
11	64000000	65999999	65.713
11	66000000	67999999	63.719
11	68000000	69999999	58.438
11	70000000	71999999	62.259
11	72000000	73999999	64.703
11	74000000	75999999	62.634
11	76000000	77999999	63.160
11	78000000	79999999	61.483
11	80000000	81999999	60.999
11	82000000	83999999	63.147
11	84000000	85999999	64.452
11	86000000	87999999	64.948
11	88000000	89999999	68.211
11	90000000	91999999	68.334
11	92000000	93999999	67.029
11	94000000	95999999	63.355
11	96000000	97999999	57.498
11	98000000	99999999	59.401
11	100000000	101999999	49.260
11	102000000	103999999	53.633
11	104000000	105999999	54.021
11	106000000	107999999	54.416
11	108000000	109999999	59.797
11	110000000	111999999	57.110
11	112000000	113999999	58.129
11	114000000	115999999	50.047
11	116000000	117999999	50.765
11	118000000	119999999	52.119
11	120000000	121999999	53.201
11	122000000	122082543	100.000
12	0	1999999	100.000
12	2000000	3999999	81.667
12	4000000	5999999	70.132
12	6000000	7999999	71.050
12	8000000	9999999	69.021
12	10000000	11999999	70.759
12	12000000	13999999	66.708
12	14000000	15999999	67.944
12	16000000	17999999	66.604
12	18000000	19999999	62.923
12	20000000	21999999	58.202
12	22000000	23999999	64.844
12	24000000	25999999	69.789
12	26000000	27999999	69.452
12	28000000	29999999	60.295
12	30000000	31999999	69.663
12	32000000	33999999	68.002
12	34000000	35999999	73.939
12	36000000	37999999	75.637
12	38000000	39999999	73.240
12	40000000	41999999	68.602
12	42000000	43999999	70.039
12	44000000	45999999	70.271
12	46000000	47999999	74.361
12	48000000	49999999	69.222
12	50000000	51999999	70.963
12	52000000	53999999	69.069
12	54000000	55999999	66.629
12	56000000	57999999	68.880
12	58000000	59999999	67.877
12	60000000	61999999	75.797
12	62000000	63999999	72.196
12	64000000	65999999	68.427
12	66000000	67999999	71.347
12	68000000	69999999	64.233
12	70000000	71999999	66.238
12	72000000	73999999	68.877
12	74000000	75999999	69.084
12	76000000	77999999	64.053
12	78000000	79999999	67.626
12	80000000	81999999	66.729
12	82000000	83999999	63.232
12	84000000	85999999	64.925
12	86000000	87999999	68.394
12	88000000	89999999	66.446
12	90000000	91999999	68.789
12	92000000	93999999	69.858
12	94000000	95999999	73.262
12	96000000	97999999	70.628
12	98000000	99999999	64.309
12	100000000	101999999	65.074
12	102000000	103999999	63.575
12	104000000	105999999	62.053
12	106000000	107999999	67.309
12	108000000	109999999	62.883
12	110000000	111999999	69.801
12	112000000	113999999	67.207
12	114000000	115999999	59.774
12	116000000	117999999	65.740
12	118000000	119999999	70.395
12	120000000	120129022	94.594
13	0	1999999	100.000
13	2000000	3999999	81.380
13	4000000	5999999	70.050
13	6000000	7999999	65.833
13	8000000	9999999	67.134
13	10000000	11999999	64.910
13	12000000	13999999	61.841
13	14000000	15999999	68.355
13	16000000	17999999	72.281
13	18000000	19999999	69.926
13	20000000	21999999	69.028
13	22000000	23999999	65.293
13	24000000	25999999	67.959
13	26000000	27999999	72.120
13	28000000	29999999	65.863
13	30000000	31999999	67.356
13	32000000	33999999	70.303
13	34000000	35999999	66.803
13	36000000	37999999	70.061
13	38000000	39999999	67.618
13	40000000	41999999	67.445
13	42000000	43999999	66.592
13	44000000	45999999	66.038
13	46000000	47999999	64.649
13	48000000	49999999	62.020
13	50000000	51999999	61.416
13	52000000	53999999	63.670
13	54000000	55999999	62.510
13	56000000	57999999	65.350
13	58000000	59999999	65.139
13	60000000	61999999	66.152
13	62000000	63999999	65.064
13	64000000	65999999	61.173
13	66000000	67999999	61.813
13	68000000	69999999	68.443
13	70000000	71999999	65.924
13	72000000	73999999	68.774
13	74000000	75999999	64.375
13	76000000	77999999	67.899
13	78000000	79999999	73.955
13	80000000	81999999	67.331
13	82000000	83999999	70.670
13	84000000	85999999	70.985
13	86000000	87999999	70.136
13	88000000	89999999	73.430
13	90000000	91999999	73.933
13	92000000	93999999	66.759
13	94000000	95999999	65.587
13	96000000	97999999	65.201
13	98000000	99999999	65.947
13	100000000	101999999	64.758
13	102000000	103999999	69.975
13	104000000	105999999	70.672
13	106000000	107999999	71.231
13	108000000	109999999	66.546
13	110000000	111999999	67.831
13	112000000	113999999	68.357
13	114000000	115999999	69.635
13	116000000	117999999	72.060
13	118000000	119999999	72.519
13	120000000	120421639	78.665
14	0	1999999	100.000
14	2000000	3999999	81.556
14	4000000	5999999	63.251
14	6000000	7999999	55.360
14	8000000	9999999	66.685
14	10000000	11999999	73.230
14	12000000	13999999	68.443
14	14000000	15999999	68.062
14	16000000	17999999	68.625
14	18000000	19999999	69.445
14	20000000	21999999	66.375
14	22000000	23999999	71.898
14	24000000	25999999	66.760
14	26000000	27999999	63.311
14	28000000	29999999	66.746
14	30000000	31999999	59.415
14	32000000	33999999	67.113
14	34000000	35999999	71.441
14	36000000	37999999	66.573
14	38000000	39999999	69.603
14	40000000	41999999	67.428
14	42000000	43999999	61.563
14	44000000	45999999	63.832
14	46000000	47999999	63.956
14	48000000	49999999	66.703
14	50000000	51999999	66.737
14	52000000	53999999	63.339
14	54000000	55999999	58.109
14	56000000	57999999	63.101
14	58000000	59999999	66.348
14	60000000	61999999	63.557
14	62000000	63999999	68.516
14	64000000	65999999	65.869
14	66000000	67999999	64.429
14	68000000	69999999	70.770
14	70000000	71999999	66.094
14	72000000	73999999	67.743
14	74000000	75999999	65.829
14	76000000	77999999	72.007
14	78000000	79999999	65.944
14	80000000	81999999	71.433
14	82000000	83999999	73.558
14	84000000	85999999	73.674
14	86000000	87999999	77.154
14	88000000	89999999	76.809
14	90000000	91999999	75.937
14	92000000	93999999	75.493
14	94000000	95999999	72.969
14	96000000	97999999	75.246
14	98000000	99999999	69.468
14	100000000	101999999	68.953
14	102000000	103999999	73.226
14	104000000	105999999	70.487
14	106000000	107999999	74.623
14	108000000	109999999	75.354
14	110000000	111999999	74.085
14	112000000	113999999	73.426
14	114000000	115999999	72.667
14	116000000	117999999	68.826
14	118000000	119999999	66.687
14	120000000	121999999	67.342
14	122000000	123999999	64.874
14	124000000	124902244	78.652
15	0	1999999	100.000
15	2000000	3999999	87.555
15	4000000	5999999	71.381
15	6000000	7999999	69.674
15	8000000	9999999	64.499
15	10000000	11999999	67.025
15	12000000	13999999	67.433
15	14000000	15999999	72.470
15	16000000	17999999	73.551
15	18000000	19999999	76.609
15	20000000	21999999	73.322
15	22000000	23999999	75.168
15	24000000	25999999	73.832
15	26000000	27999999	67.299
15	28000000	29999999	74.621
15	30000000	31999999	70.753
15	32000000	33999999	72.868
15	34000000	35999999	70.465
15	36000000	37999999	65.683
15	38000000	39999999	68.030
15	40000000	41999999	74.152
15	42000000	43999999	77.995
15	44000000	45999999	73.030
15	46000000	47999999	74.912
15	48000000	49999999	70.693
15	50000000	51999999	75.499
15	52000000	53999999	68.898
15	54000000	55999999	68.630
15	56000000	57999999	68.598
15	58000000	59999999	69.832
15	60000000	61999999	76.771
15	62000000	63999999	71.600
15	64000000	65999999	69.394
15	66000000	67999999	71.222
15	68000000	69999999	70.911
15	70000000	71999999	72.229
15	72000000	73999999	70.882
15	74000000	75999999	65.522
15	76000000	77999999	60.562
15	78000000	79999999	61.941
15	80000000	81999999	62.382
15	82000000	83999999	77.986
15	84000000	85999999	77.467
15	86000000	87999999	83.476
15	88000000	89999999	77.053
15	90000000	91999999	79.342
15	92000000	93999999	78.369
15	94000000	95999999	79.782
15	96000000	97999999	77.656
15	98000000	99999999	73.895
15	100000000	101999999	76.152
15	102000000	103999999	71.637
15	104000000	104043685	100.000
16	0	1999999	100.000
16	2000000	3999999	82.921
16	4000000	5999999	63.787
16	6000000	7999999	68.447
16	8000000	9999999	62.451
16	10000000	11999999	69.104
16	12000000	13999999	67.871
16	14000000	15999999	63.621
16	16000000	17999999	64.866
16	18000000	19999999	67.111
16	20000000	21999999	59.590
16	22000000	23999999	66.242
16	24000000	25999999	73.488
16	26000000	27999999	69.552
16	28000000	29999999	67.032
16	30000000	31999999	66.690
16	32000000	33999999	61.697
16	34000000	35999999	65.046
16	36000000	37999999	69.480
16	38000000	39999999	66.587
16	40000000	41999999	74.088
16	42000000	43999999	72.094
16	44000000	45999999	67.106
16	46000000	47999999	75.281
16	48000000	49999999	69.056
16	50000000	51999999	76.121
16	52000000	53999999	72.521
16	54000000	55999999	72.577
16	56000000	57999999	69.982
16	58000000	59999999	71.584
16	60000000	61999999	73.535
16	62000000	63999999	76.008
16	64000000	65999999	72.918
16	66000000	67999999	76.251
16	68000000	69999999	73.548
16	70000000	71999999	74.348
16	72000000	73999999	70.331
16	74000000	75999999	71.096
16	76000000	77999999	72.732
16	78000000	79999999	74.721
16	80000000	81999999	72.556
16	82000000	83999999	71.198
16	84000000	85999999	68.948
16	86000000	87999999	73.537
16	88000000	89999999	67.034
16	90000000	91999999	62.267
16	92000000	93999999	67.056
16	94000000	95999999	65.356
16	96000000	97999999	62.636
16	98000000	98207768	83.270
17	0	1999999	100.000
17	2000000	3999999	86.277
17	4000000	5999999	69.503
17	6000000	7999999	58.604
17	8000000	9999999	67.673
17	10000000	11999999	72.129
17	12000000	13999999	64.669
17	14000000	15999999	63.962
17	16000000	17999999	69.209
17	18000000	19999999	72.828
17	20000000	21999999	70.168
17	22000000	23999999	68.379
17	24000000	25999999	60.403
17	26000000	27999999	63.523
17	28000000	29999999	63.279
17	30000000	31999999	65.693
17	32000000	33999999	61.814
17	34000000	35999999	55.740
17	36000000	37999999	65.751
17	38000000	39999999	73.999
17	40000000	41999999	72.623
17	42000000	43999999	70.794
17	44000000	45999999	68.600
17	46000000	47999999	62.402
17	48000000	49999999	59.974
17	50000000	51999999	69.753
17	52000000	53999999	69.621
17	54000000	55999999	69.098
17	56000000	57999999	63.024
17	58000000	59999999	71.082
17	60000000	61999999	75.420
17	62000000	63999999	70.382
17	64000000	65999999	70.891
17	66000000	67999999	66.895
17	68000000	69999999	69.033
17	70000000	71999999	66.201
17	72000000	73999999	68.302
17	74000000	75999999	68.945
17	76000000	77999999	68.291
17	78000000	79999999	68.288
17	80000000	81999999	67.089
17	82000000	83999999	70.897
17	84000000	85999999	65.482
17	86000000	87999999	68.174
17	88000000	89999999	72.521
17	90000000	91999999	73.082
17	92000000	93999999	74.330
17	94000000	94987271	75.588
18	0	1999999	100.000
18	2000000	3999999	83.703
18	4000000	5999999	69.488
18	6000000	7999999	64.890
18	8000000	9999999	71.917
18	10000000	11999999	68.228
18	12000000	13999999	69.456
18	14000000	15999999	70.573
18	16000000	17999999	73.032
18	18000000	19999999	70.369
18	20000000	21999999	65.810
18	22000000	23999999	69.821
18	24000000	25999999	67.219
18	26000000	27999999	71.489
18	28000000	29999999	73.777
18	30000000	31999999	73.089
18	32000000	33999999	68.364
18	34000000	35999999	62.700
18	36000000	37999999	62.477
18	38000000	39999999	66.200
18	40000000	41999999	75.146
18	42000000	43999999	68.742
18	44000000	45999999	65.983
18	46000000	47999999	68.980
18	48000000	49999999	72.808
18	50000000	51999999	71.094
18	52000000	53999999	65.967
18	54000000	55999999	68.231
18	56000000	57999999	69.266
18	58000000	59999999	68.200
18	60000000	61999999	67.251
18	62000000	63999999	67.775
18	64000000	65999999	67.412
18	66000000	67999999	67.733
18	68000000	69999999	66.340
18	70000000	71999999	69.181
18	72000000	73999999	72.584
18	74000000	75999999	69.447
18	76000000	77999999	67.412
18	78000000	79999999	66.940
18	80000000	81999999	65.889
18	82000000	83999999	70.212
18	84000000	85999999	67.413
18	86000000	87999999	69.460
18	88000000	89999999	70.274
18	90000000	90702639	80.165
19	0	1999999	100.000
19	2000000	3999999	81.969
19	4000000	5999999	59.293
19	6000000	7999999	65.692
19	8000000	9999999	59.834
19	10000000	11999999	66.938
19	12000000	13999999	70.729
19	14000000	15999999	72.948
19	16000000	17999999	66.332
19	18000000	19999999	67.519
19	20000000	21999999	69.508
19	22000000	23999999	68.933
19	24000000	25999999	70.355
19	26000000	27999999	70.585
19	28000000	29999999	67.282
19	30000000	31999999	73.766
19	32000000	33999999	68.774
19	34000000	35999999	70.160
19	36000000	37999999	67.099
19	38000000	39999999	71.410
19	40000000	41999999	64.494
19	42000000	43999999	67.688
19	44000000	45999999	64.338
19	46000000	47999999	61.967
19	48000000	49999999	73.820
19	50000000	51999999	68.992
19	52000000	53999999	66.996
19	54000000	55999999	66.448
19	56000000	57999999	71.109
19	58000000	59999999	63.693
19	60000000	61431566	70.403
2	0	1999999	100.000
2	2000000	3999999	86.081
2	4000000	5999999	67.809
2	6000000	7999999	70.477
2	8000000	9999999	70.955
2	10000000	11999999	67.125
2	12000000	13999999	69.903
2	14000000	15999999	69.216
2	16000000	17999999	72.613
2	18000000	19999999	68.471
2	20000000	21999999	72.467
2	22000000	23999999	74.464
2	24000000	25999999	65.957
2	26000000	27999999	69.439
2	28000000	29999999	69.277
2	30000000	31999999	64.394
2	32000000	33999999	65.225
2	34000000	35999999	68.150
2	36000000	37999999	68.279
2	38000000	39999999	73.547
2	40000000	41999999	76.185
2	42000000	43999999	73.563
2	44000000	45999999	75.012
2	46000000	47999999	74.452
2	48000000	49999999	70.176
2	50000000	51999999	71.847
2	52000000	53999999	71.796
2	54000000	55999999	75.315
2	56000000	57999999	73.128
2	58000000	59999999	68.908
2	60000000	61999999	72.843
2	62000000	63999999	72.341
2	64000000	65999999	73.170
2	66000000	67999999	70.468
2	68000000	69999999	71.073
2	70000000	71999999	62.262
2	72000000	73999999	68.131
2	74000000	75999999	69.573
2	76000000	77999999	63.365
2	78000000	79999999	73.793
2	80000000	81999999	73.887
2	82000000	83999999	66.078
2	84000000	85999999	67.933
2	86000000	87999999	70.819
2	88000000	89999999	74.610
2	90000000	91999999	61.706
2	92000000	93999999	65.676
2	94000000	95999999	73.499
2	96000000	97999999	70.732
2	98000000	99999999	77.510
2	100000000	101999999	72.636
2	102000000	103999999	68.165
2	104000000	105999999	67.686
2	106000000	107999999	71.589
2	108000000	109999999	70.890
2	110000000	111999999	69.478
2	112000000	113999999	69.071
2	114000000	115999999	71.661
2	116000000	117999999	69.289
2	118000000	119999999	61.239
2	120000000	121999999	58.234
2	122000000	123999999	68.428
2	124000000	125999999	67.602
2	126000000	127999999	63.470
2	128000000	129999999	66.991
2	130000000	131999999	66.059
2	132000000	133999999	68.320
2	134000000	135999999	70.893
2	136000000	137999999	72.672
2	138000000	139999999	75.106
2	140000000	141999999	72.752
2	142000000	143999999	68.635
2	144000000	145999999	68.783
2	146000000	147999999	66.862
2	148000000	149999999	72.336
2	150000000	151999999	63.877
2	152000000	153999999	61.882
2	154000000	155999999	65.057
2	156000000	157999999	63.907
2	158000000	159999999	67.858
2	160000000	161999999	68.752
2	162000000	163999999	65.358
2	164000000	165999999	61.589
2	166000000	167999999	68.804
2	168000000	169999999	63.652
2	170000000	171999999	65.072
2	172000000	173999999	60.169
2	174000000	175999999	67.404
2	176000000	177999999	74.375
2	178000000	179999999	60.974
2	180000000	181999999	66.410
2	182000000	182113224	97.453
3	0	1999999	100.000
3	2000000	3999999	83.310
3	4000000	5999999	74.642
3	6000000	7999999	75.121
3	8000000	9999999	70.243
3	10000000	11999999	72.856
3	12000000	13999999	77.578
3	14000000	15999999	74.141
3	16000000	17999999	77.863
3	18000000	19999999	69.659
3	20000000	21999999	73.243
3	22000000	23999999	73.500
3	24000000	25999999	77.997
3	26000000	27999999	69.860
3	28000000	29999999	71.627
3	30000000	31999999	68.631
3	32000000	33999999	67.727
3	34000000	35999999	68.800
3	36000000	37999999	68.031
3	38000000	39999999	72.152
3	40000000	41999999	71.363
3	42000000	43999999	75.611
3	44000000	45999999	75.713
3	46000000	47999999	77.138
3	48000000	49999999	75.443
3	50000000	51999999	69.845
3	52000000	53999999	71.685
3	54000000	55999999	67.027
3	56000000	57999999	72.080
3	58000000	59999999	72.800
3	60000000	61999999	76.580
3	62000000	63999999	71.474
3	64000000	65999999	71.790
3	66000000	67999999	71.683
3	68000000	69999999	66.915
3	70000000	71999999	74.798
3	72000000	73999999	75.597
3	74000000	75999999	73.676
3	76000000	77999999	73.392
3	78000000	79999999	68.299
3	80000000	81999999	70.402
3	82000000	83999999	70.991
3	84000000	85999999	67.152
3	86000000	87999999	70.216
3	88000000	89999999	61.235
3	90000000	91999999	68.610
3	92000000	93999999	64.246
3	94000000	95999999	58.756
3	96000000	97999999	68.432
3	98000000	99999999	72.008
3	100000000	101999999	67.762
3	102000000	103999999	64.806
3	104000000	105999999	68.907
3	106000000	107999999	68.710
3	108000000	109999999	58.215
3	110000000	111999999	77.799
3	112000000	113999999	75.710
3	114000000	115999999	73.727
3	116000000	117999999	65.860
3	118000000	119999999	72.233
3	120000000	121999999	69.403
3	122000000	123999999	71.152
3	124000000	125999999	73.953
3	126000000	127999999	71.667
3	128000000	129999999	67.793
3	130000000	131999999	69.668
3	132000000	133999999	72.365
3	134000000	135999999	73.193
3	136000000	137999999	68.525
3	138000000	139999999	70.562
3	140000000	141999999	76.154
3	142000000	143999999	70.955
3	144000000	145999999	67.522
3	146000000	147999999	67.470
3	148000000	149999999	74.159
3	150000000	151999999	70.594
3	152000000	153999999	64.582
3	154000000	155999999	67.209
3	156000000	157999999	72.425
3	158000000	159999999	73.325
3	160000000	160039680	100.000
4	0	1999999	100.000
4	2000000	3999999	82.926
4	4000000	5999999	68.822
4	6000000	7999999	70.903
4	8000000	9999999	69.067
4	10000000	11999999	69.972
4	12000000	13999999	74.380
4	14000000	15999999	70.095
4	16000000	17999999	72.639
4	18000000	19999999	71.301
4	20000000	21999999	70.285
4	22000000	23999999	73.256
4	24000000	25999999	73.852
4	26000000	27999999	76.761
4	28000000	29999999	73.691
4	30000000	31999999	74.463
4	32000000	33999999	65.567
4	34000000	35999999	70.508
4	36000000	37999999	72.796
4	38000000	39999999	70.985
4	40000000	41999999	63.394
4	42000000	43999999	67.471
4	44000000	45999999	63.983
4	46000000	47999999	66.163
4	48000000	49999999	66.885
4	50000000	51999999	74.816
4	52000000	53999999	65.518
4	54000000	55999999	68.255
4	56000000	57999999	66.612
4	58000000	59999999	64.596
4	60000000	61999999	67.294
4	62000000	63999999	68.959
4	64000000	65999999	69.839
4	66000000	67999999	71.706
4	68000000	69999999	74.052
4	70000000	71999999	71.278
4	72000000	73999999	68.017
4	74000000	75999999	66.283
4	76000000	77999999	70.180
4	78000000	79999999	70.476
4	80000000	81999999	72.358
4	82000000	83999999	70.615
4	84000000	85999999	70.996
4	86000000	87999999	69.876
4	88000000	89999999	70.136
4	90000000	91999999	74.062
4	92000000	93999999	74.463
4	94000000	95999999	66.985
4	96000000	97999999	69.628
4	98000000	99999999	65.959
4	100000000	101999999	66.888
4	102000000	103999999	73.645
4	104000000	105999999	71.834
4	106000000	107999999	68.064
4	108000000	109999999	67.321
4	110000000	111999999	72.649
4	112000000	113999999	75.397
4	114000000	115999999	64.169
4	116000000	117999999	60.814
4	118000000	119999999	64.785
4	120000000	121999999	69.247
4	122000000	123999999	68.836
4	124000000	125999999	64.662
4	126000000	127999999	61.686
4	128000000	129999999	64.157
4	130000000	131999999	68.185
4	132000000	133999999	64.164
4	134000000	135999999	63.222
4	136000000	137999999	66.449
4	138000000	139999999	62.413
4	140000000	141999999	63.957
4	142000000	143999999	66.699
4	144000000	145999999	59.815
4	146000000	147999999	45.296
4	148000000	149999999	61.164
4	150000000	151999999	66.320
4	152000000	153999999	65.593
4	154000000	155999999	63.199
4	156000000	156508116	81.662
5	0	1999999	100.000
5	2000000	3999999	83.744
5	4000000	5999999	70.732
5	6000000	7999999	72.503
5	8000000	9999999	69.125
5	10000000	11999999	69.343
5	12000000	13999999	76.771
5	14000000	15999999	72.050
5	16000000	17999999	74.881
5	18000000	19999999	74.368
5	20000000	21999999	68.473
5	22000000	23999999	70.818
5	24000000	25999999	68.037
5	26000000	27999999	64.515
5	28000000	29999999	66.643
5	30000000	31999999	65.870
5	32000000	33999999	65.426
5	34000000	35999999	68.195
5	36000000	37999999	67.021
5	38000000	39999999	67.214
5	40000000	41999999	69.236
5	42000000	43999999	66.829
5	44000000	45999999	67.282
5	46000000	47999999	74.692
5	48000000	49999999	69.166
5	50000000	51999999	72.490
5	52000000	53999999	67.772
5	54000000	55999999	69.169
5	56000000	57999999	71.729
5	58000000	59999999	74.819
5	60000000	61999999	74.646
5	62000000	63999999	73.294
5	64000000	65999999	65.318
5	66000000	67999999	63.483
5	68000000	69999999	72.677
5	70000000	71999999	74.452
5	72000000	73999999	62.322
5	74000000	75999999	68.848
5	76000000	77999999	66.744
5	78000000	79999999	77.867
5	80000000	81999999	71.457
5	82000000	83999999	76.690
5	84000000	85999999	74.186
5	86000000	87999999	69.041
5	88000000	89999999	70.179
5	90000000	91999999	68.741
5	92000000	93999999	70.833
5	94000000	95999999	78.001
5	96000000	97999999	69.199
5	98000000	99999999	68.241
5	100000000	101999999	60.446
5	102000000	103999999	68.467
5	104000000	105999999	67.459
5	106000000	107999999	62.931
5	108000000	109999999	67.493
5	110000000	111999999	63.724
5	112000000	113999999	64.775
5	114000000	115999999	58.923
5	116000000	117999999	60.111
5	118000000	119999999	66.072
5	120000000	121999999	56.607
5	122000000	123999999	61.010
5	124000000	125999999	66.306
5	126000000	127999999	61.286
5	128000000	129999999	66.049
5	130000000	131999999	68.897
5	132000000	133999999	65.678
5	134000000	135999999	59.302
5	136000000	137999999	59.422
5	138000000	139999999	61.444
5	140000000	141999999	66.692
5	142000000	143999999	60.866
5	144000000	145999999	59.097
5	146000000	147999999	66.021
5	148000000	149999999	69.101
5	150000000	151834684	68.561
6	0	1999999	100.000
6	2000000	3999999	86.220
6	4000000	5999999	68.425
6	6000000	7999999	71.313
6	8000000	9999999	71.176
6	10000000	11999999	73.052
6	12000000	13999999	68.475
6	14000000	15999999	70.438
6	16000000	17999999	69.298
6	18000000	19999999	69.704
6	20000000	21999999	74.877
6	22000000	23999999	68.898
6	24000000	25999999	73.651
6	26000000	27999999	72.408
6	28000000	29999999	64.002
6	30000000	31999999	65.935
6	32000000	33999999	69.544
6	34000000	35999999	65.100
6	36000000	37999999	69.052
6	38000000	39999999	63.728
6	40000000	41999999	69.047
6	42000000	43999999	68.079
6	44000000	45999999	76.083
6	46000000	47999999	68.563
6	48000000	49999999	67.308
6	50000000	51999999	64.323
6	52000000	53999999	70.896
6	54000000	55999999	70.109
6	56000000	57999999	69.533
6	58000000	59999999	73.431
6	60000000	61999999	74.651
6	62000000	63999999	75.993
6	64000000	65999999	72.301
6	66000000	67999999	70.691
6	68000000	69999999	71.918
6	70000000	71999999	60.986
6	72000000	73999999	68.545
6	74000000	75999999	74.505
6	76000000	77999999	75.607
6	78000000	79999999	72.552
6	80000000	81999999	68.964
6	82000000	83999999	62.027
6	84000000	85999999	67.168
6	86000000	87999999	62.783
6	88000000	89999999	68.931
6	90000000	91999999	71.764
6	92000000	93999999	62.961
6	94000000	95999999	69.198
6	96000000	97999999	69.053
6	98000000	99999999	69.739
6	100000000	101999999	69.883
6	102000000	103999999	75.349
6	104000000	105999999	72.943
6	106000000	107999999	70.048
6	108000000	109999999	70.216
6	110000000	111999999	74.588
6	112000000	113999999	65.489
6	114000000	115999999	63.791
6	116000000	117999999	69.805
6	118000000	119999999	64.613
6	120000000	121999999	58.869
6	122000000	123999999	70.083
6	124000000	125999999	61.936
6	126000000	127999999	60.816
6	128000000	129999999	68.540
6	130000000	131999999	66.832
6	132000000	133999999	74.412
6	134000000	135999999	67.125
6	136000000	137999999	69.184
6	138000000	139999999	73.331
6	140000000	141999999	73.201
6	142000000	143999999	67.156
6	144000000	145999999	68.005
6	146000000	147999999	66.782
6	148000000	149736546	69.119
7	0	1999999	100.000
7	2000000	3999999	82.429
7	4000000	5999999	64.306
7	6000000	7999999	66.174
7	8000000	9999999	68.835
7	10000000	11999999	61.728
7	12000000	13999999	69.533
7	14000000	15999999	59.295
7	16000000	17999999	64.809
7	18000000	19999999	64.507
7	20000000	21999999	77.034
7	22000000	23999999	74.452
7	24000000	25999999	60.674
7	26000000	27999999	61.063
7	28000000	29999999	60.481
7	30000000	31999999	58.906
7	32000000	33999999	61.971
7	34000000	35999999	60.571
7	36000000	37999999	62.608
7	38000000	39999999	64.592
7	40000000	41999999	66.826
7	42000000	43999999	61.289
7	44000000	45999999	57.211
7	46000000	47999999	67.196
7	48000000	49999999	68.335
7	50000000	51999999	68.777
7	52000000	53999999	72.412
7	54000000	55999999	71.809
7	56000000	57999999	67.718
7	58000000	59999999	68.878
7	60000000	61999999	69.331
7	62000000	63999999	72.081
7	64000000	65999999	64.266
7	66000000	67999999	64.937
7	68000000	69999999	71.102
7	70000000	71999999	71.842
7	72000000	73999999	74.444
7	74000000	75999999	68.994
7	76000000	77999999	72.033
7	78000000	79999999	65.161
7	80000000	81999999	63.085
7	82000000	83999999	62.248
7	84000000	85999999	73.989
7	86000000	87999999	74.794
7	88000000	89999999	72.545
7	90000000	91999999	74.064
7	92000000	93999999	72.016
7	94000000	95999999	77.299
7	96000000	97999999	66.513
7	98000000	99999999	68.157
7	100000000	101999999	64.334
7	102000000	103999999	70.388
7	104000000	105999999	66.627
7	106000000	107999999	72.177
7	108000000	109999999	69.673
7	110000000	111999999	67.612
7	112000000	113999999	69.975
7	114000000	115999999	71.556
7	116000000	117999999	65.780
7	118000000	119999999	64.178
7	120000000	121999999	58.789
7	122000000	123999999	62.767
7	124000000	125999999	67.369
7	126000000	127999999	59.190
7	128000000	129999999	64.835
7	130000000	131999999	63.744
7	132000000	133999999	70.879
7	134000000	135999999	64.957
7	136000000	137999999	70.231
7	138000000	139999999	70.131
7	140000000	141999999	62.651
7	142000000	143999999	66.068
7	144000000	145441459	72.298
8	0	1999999	100.000
8	2000000	3999999	78.012
8	4000000	5999999	71.210
8	6000000	7999999	74.581
8	8000000	9999999	66.430
8	10000000	11999999	66.426
8	12000000	13999999	59.894
8	14000000	15999999	66.253
8	16000000	17999999	72.248
8	18000000	19999999	64.132
8	20000000	21999999	53.469
8	22000000	23999999	65.256
8	24000000	25999999	64.157
8	26000000	27999999	65.178
8	28000000	29999999	71.897
8	30000000	31999999	71.868
8	32000000	33999999	70.865
8	34000000	35999999	72.438
8	36000000	37999999	73.811
8	38000000	39999999	73.163
8	40000000	41999999	69.660
8	42000000	43999999	72.565
8	44000000	45999999	70.710
8	46000000	47999999	66.821
8	48000000	49999999	67.200
8	50000000	51999999	78.163
8	52000000	53999999	72.662
8	54000000	55999999	70.977
8	56000000	57999999	70.725
8	58000000	59999999	74.219
8	60000000	61999999	73.168
8	62000000	63999999	73.063
8	64000000	65999999	72.591
8	66000000	67999999	67.432
8	68000000	69999999	66.297
8	70000000	71999999	57.806
8	72000000	73999999	63.063
8	74000000	75999999	71.856
8	76000000	77999999	70.644
8	78000000	79999999	67.820
8	80000000	81999999	72.628
8	82000000	83999999	68.658
8	84000000	85999999	63.456
8	86000000	87999999	65.281
8	88000000	89999999	67.500
8	90000000	91999999	66.042
8	92000000	93999999	68.652
8	94000000	95999999	61.976
8	96000000	97999999	70.326
8	98000000	99999999	75.803
8	100000000	101999999	74.250
8	102000000	103999999	65.812
8	104000000	105999999	60.548
8	106000000	107999999	63.607
8	108000000	109999999	63.088
8	110000000	111999999	59.810
8	112000000	113999999	66.744
8	114000000	115999999	61.242
8	116000000	117999999	63.745
8	118000000	119999999	61.663
8	120000000	121999999	70.718
8	122000000	123999999	65.661
8	124000000	125999999	60.999
8	126000000	127999999	66.401
8	128000000	129401213	72.152
9	0	1999999	100.000
9	2000000	3999999	86.449
9	4000000	5999999	72.788
9	6000000	7999999	70.484
9	8000000	9999999	72.598
9	10000000	11999999	73.341
9	12000000	13999999	70.705
9	14000000	15999999	65.517
9	16000000	17999999	70.998
9	18000000	19999999	70.128
9	20000000	21999999	63.946
9	22000000	23999999	70.384
9	24000000	25999999	65.856
9	26000000	27999999	67.648
9	28000000	29999999	65.734
9	30000000	31999999	68.732
9	32000000	33999999	69.800
9	34000000	35999999	70.427
9	36000000	37999999	68.415
9	38000000	39999999	74.693
9	40000000	41999999	67.229
9	42000000	43999999	65.901
9	44000000	45999999	58.481
9	46000000	47999999	61.141
9	48000000	49999999	68.656
9	50000000	51999999	70.775
9	52000000	53999999	70.736
9	54000000	55999999	68.720
9	56000000	57999999	69.112
9	58000000	59999999	63.781
9	60000000	61999999	61.166
9	62000000	63999999	68.267
9	64000000	65999999	60.966
9	66000000	67999999	64.626
9	68000000	69999999	67.461
9	70000000	71999999	65.604
9	72000000	73999999	66.334
9	74000000	75999999	66.666
9	76000000	77999999	69.724
9	78000000	79999999	67.905
9	80000000	81999999	71.829
9	82000000	83999999	72.232
9	84000000	85999999	73.052
9	86000000	87999999	66.953
9	88000000	89999999	67.756
9	90000000	91999999	67.365
9	92000000	93999999	72.611
9	94000000	95999999	66.739
9	96000000	97999999	64.902
9	98000000	99999999	64.037
9	100000000	101999999	67.442
9	102000000	103999999	65.028
9	104000000	105999999	70.198
9	106000000	107999999	62.884
9	108000000	109999999	61.129
9	110000000	111999999	62.534
9	112000000	113999999	65.131
9	114000000	115999999	64.034
9	116000000	117999999	65.242
9	118000000	119999999	62.549
9	120000000	121999999	63.679
9	122000000	123999999	65.668
9	124000000	124595110	84.713
MT	0	16299	0.061
X	0	1999999	100.000
X	2000000	3999999	80.422
X	4000000	5999999	59.908
X	6000000	7999999	61.714
X	8000000	9999999	67.549
X	10000000	11999999	67.960
X	12000000	13999999	62.315
X	14000000	15999999	71.504
X	16000000	17999999	69.122
X	18000000	19999999	71.116
X	20000000	21999999	67.398
X	22000000	23999999	68.882
X	24000000	25999999	70.202
X	26000000	27999999	64.292
X	28000000	29999999	60.661
X	30000000	31999999	61.380
X	32000000	33999999	52.567
X	34000000	35999999	64.530
X	36000000	37999999	66.972
X	38000000	39999999	68.679
X	40000000	41999999	70.818
X	42000000	43999999	73.397
X	44000000	45999999	71.023
X	46000000	47999999	75.245
X	48000000	49999999	65.820
X	50000000	51999999	70.394
X	52000000	53999999	71.815
X	54000000	55999999	64.316
X	56000000	57999999	65.332
X	58000000	59999999	75.826
X	60000000	61999999	66.273
X	62000000	63999999	72.002
X	64000000	65999999	71.938
X	66000000	67999999	66.058
X	68000000	69999999	72.635
X	70000000	71999999	70.183
X	72000000	73999999	64.898
X	74000000	75999999	60.944
X	76000000	77999999	71.980
X	78000000	79999999	74.145
X	80000000	81999999	72.272
X	82000000	83999999	75.597
X	84000000	85999999	78.282
X	86000000	87999999	76.657
X	88000000	89999999	67.518
X	90000000	91999999	71.723
X	92000000	93999999	69.636
X	94000000	95999999	70.192
X	96000000	97999999	71.358
X	98000000	99999999	69.471
X	100000000	101999999	63.223
X	102000000	103999999	64.762
X	104000000	105999999	67.187
X	106000000	107999999	70.970
X	108000000	109999999	72.236
X	110000000	111999999	75.062
X	112000000	113999999	71.795
X	114000000	115999999	72.803
X	116000000	117999999	71.627
X	118000000	119999999	73.112
X	120000000	121999999	71.166
X	122000000	123999999	67.074
X	124000000	125999999	83.239
X	126000000	127999999	74.538
X	128000000	129999999	75.187
X	130000000	131999999	73.231
X	132000000	133999999	72.877
X	134000000	135999999	61.880
X	136000000	137999999	69.757
X	138000000	139999999	70.288
X	140000000	141999999	68.255
X	142000000	143999999	64.007
X	144000000	145999999	70.325
X	146000000	147999999	71.694
X	148000000	149999999	53.019
X	150000000	151999999	67.367
X	152000000	153999999	64.855
X	154000000	155999999	63.955
X	156000000	157999999	67.908
X	158000000	159999999	72.140
X	160000000	161999999	67.118
X	162000000	163999999	64.463
X	164000000	165999999	65.519
X	166000000	167999999	65.877
X	168000000	169999999	69.335
X	170000000	171031299	98.056
Y	0	1999999	97.328
Y	2000000	3999999	97.865
Y	4000000	5999999	98.287
Y	6000000	7999999	98.827
Y	8000000	9999999	99.294
Y	10000000	11999999	98.599
Y	12000000	13999999	99.108
Y	14000000	15999999	98.493
Y	16000000	17999999	98.705
Y	18000000	19999999	99.189
Y	20000000	21999999	99.078
Y	22000000	23999999	99.512
Y	24000000	25999999	99.662
Y	26000000	27999999	99.613
Y	28000000	29999999	99.056
Y	30000000	31999999	99.054
Y	32000000	33999999	98.974
Y	34000000	35999999	99.442
Y	36000000	37999999	99.690
Y	38000000	39999999	99.252
Y	40000000	41999999	98.642
Y	42000000	43999999	98.633
Y	44000000	45999999	98.919
Y	46000000	47999999	99.144
Y	48000000	49999999	99.414
Y	50000000	51999999	99.766
Y	52000000	53999999	99.670
Y	54000000	55999999	99.605
Y	56000000	57999999	99.449
Y	58000000	59999999	99.020
Y	60000000	61999999	99.091
Y	62000000	63999999	99.790
Y	64000000	65999999	99.832
Y	66000000	67999999	99.503
Y	68000000	69999999	99.460
Y	70000000	71999999	99.732
Y	72000000	73999999	99.556
Y	74000000	75999999	99.472
Y	76000000	77999999	99.494
Y	78000000	79999999	99.482
Y	80000000	81999999	99.527
Y	82000000	83999999	99.376
Y	84000000	85999999	99.238
Y	86000000	87999999	99.524
Y	88000000	89999999	99.201
Y	90000000	91744698	97.788
