9	133759489	133759490
14	105239735	105239736
2	29416572	29416573
2	29416366	29416367
2	29416481	29416482
5	112176756	112176757
20	31022959	31022960
11	108183167	108183168
X	76937963	76937964
13	103527849	103527850
13	103527930	103527931
13	103528002	103528003
10	88635779	88635780
17	41244000	41244001
17	41244435	41244436
17	41223094	41223095
17	41244936	41244937
13	32929387	32929388
13	32906729	32906730
17	59763347	59763348
15	40477831	40477832
2	202122995	202122996
16	68846166	68846167
16	50813660	50813661
6	33287880	33287881
19	10273372	10273373
19	10291181	10291182
22	41548008	41548009
22	41574196	41574197
16	89849480	89849481
16	89836323	89836324
16	89866043	89866044
16	89857935	89857936
16	89805914	89805915
16	89839766	89839767
16	89805934	89805935
16	89815152	89815153
3	10106532	10106533
13	28624294	28624295
20	57484859	57484860
20	57485136	57485137
20	57430291	57430292
20	57485456	57485457
12	121416650	121416651
12	121435427	121435428
15	90628130	90628131
7	50436033	50436034
X	44929077	44929078
5	56177743	56177744
5	56177848	56177849
1	204518443	204518444
11	64572018	64572019
20	46279814	46279815
16	23647577	23647578
9	36840623	36840624
7	6026775	6026776
7	6026988	6026989
7	6026942	6026943
9	98209594	98209595
8	145741702	145741703
8	145742514	145742515
10	43600607	43600608
17	56492800	56492801
18	42456653	42456654
18	42456670	42456671
18	42531184	42531185
3	47162886	47162887
X	123224520	123224521
4	106196951	106196952
17	7579472	7579473
17	7578257	7578258
14	81610583	81610584
14	81575005	81575006
14	81422178	81422179
8	30999280	30999281
3	14199887	14199888
3	14220023	14220024
