1 0 1599 0 id=0
1 0 1599 0 id=1
1 0 1599 0 id=2
1 0 1599 0 id=3
1 0 1599 0 id=4
1 0 1599 0 id=5
1 0 1599 5.82 id=6
1 0 1599 0 id=7
1 0 1599 0 id=8
1 0 1599 4.92 id=9
1 0 1599 6.23 id=10
1 0 1599 11.11 id=11
1 0 1599 14.17 id=12
1 0 1599 4.68 id=13
1 0 1599 12.21 id=14
1 0 1599 8.4 id=15
1 0 1599 4.06 id=16
1 0 1599 0 id=17
1 0 1599 4.77 id=18
1 0 1599 3.72 id=19
1 0 1599 0 id=20
1 0 1599 0 id=21
1 0 1599 43.5 id=22
1 0 1599 0 id=23
1 0 1599 0 id=24
1 0 1599 5.6 id=25
1 0 1599 2.57 id=26
1 0 1599 2.57 id=27
1 0 1599 6.71 id=28
1 0 1599 2.23 id=29
1 0 1599 21.11 id=30
1 0 1599 0 id=31
2 0 1599 12.2 id=0
2 0 1599 1.01 id=1
2 0 1599 3.48 id=2
2 0 1599 31.74 id=3
2 0 1599 0 id=4
2 0 1599 0 id=5
2 0 1599 4.79 id=6
2 0 1599 0.44 id=7
2 0 1599 11.73 id=8
2 0 1599 10.88 id=9
2 0 1599 36.97 id=10
2 0 1599 13.95 id=11
2 0 1599 5.48 id=12
2 0 1599 34.98 id=13
2 0 1599 27.72 id=14
2 0 1599 24.39 id=15
2 0 1599 17.37 id=16
2 0 1599 29.01 id=17
2 0 1599 43.79 id=18
2 0 1599 3.84 id=19
2 0 1599 0 id=20
2 0 1599 34.1 id=21
2 0 1599 10.29 id=22
2 0 1599 54.73 id=23
2 0 1599 3.21 id=24
2 0 1599 44.67 id=25
2 0 1599 66.75 id=26
2 0 1599 10.17 id=27
2 0 1599 8.11 id=28
2 0 1599 27.2 id=29
2 0 1599 23.36 id=30
2 0 1599 69.44 id=31
3 0 1599 0 id=0
3 0 1599 0 id=1
3 0 1599 0 id=2
3 0 1599 0 id=3
3 0 1599 0 id=4
3 0 1599 0 id=5
3 0 1599 0 id=6
3 0 1599 0 id=7
3 0 1599 0 id=8
3 0 1599 0 id=9
3 0 1599 0 id=10
3 0 1599 7.17 id=11
3 0 1599 0 id=12
3 0 1599 6.94 id=13
3 0 1599 9.55 id=14
3 0 1599 5.09 id=15
3 0 1599 0 id=16
3 0 1599 0 id=17
3 0 1599 0 id=18
3 0 1599 0 id=19
3 0 1599 0 id=20
3 0 1599 0 id=21
3 0 1599 1.18 id=22
3 0 1599 0 id=23
3 0 1599 0 id=24
3 0 1599 0 id=25
3 0 1599 0 id=26
3 0 1599 0 id=27
3 0 1599 0 id=28
3 0 1599 10.23 id=29
3 0 1599 0 id=30
3 0 1599 2.74 id=31
4 0 1599 0 id=0
4 0 1599 0 id=1
4 0 1599 0 id=2
4 0 1599 0 id=3
4 0 1599 0 id=4
4 0 1599 0 id=5
4 0 1599 0 id=6
4 0 1599 0 id=7
4 0 1599 0 id=8
4 0 1599 0 id=9
4 0 1599 3.36 id=10
4 0 1599 12.42 id=11
4 0 1599 8.17 id=12
4 0 1599 24.65 id=13
4 0 1599 0 id=14
4 0 1599 7.27 id=15
4 0 1599 8.94 id=16
4 0 1599 5.88 id=17
4 0 1599 3.61 id=18
4 0 1599 0 id=19
4 0 1599 0 id=20
4 0 1599 5.69 id=21
4 0 1599 8.38 id=22
4 0 1599 22.38 id=23
4 0 1599 0 id=24
4 0 1599 0 id=25
4 0 1599 4.92 id=26
4 0 1599 14.64 id=27
4 0 1599 1.75 id=28
4 0 1599 0 id=29
4 0 1599 0 id=30
4 0 1599 0 id=31
5 0 1599 0 id=0
5 0 1599 0 id=1
5 0 1599 0 id=2
5 0 1599 0 id=3
5 0 1599 0 id=4
5 0 1599 0 id=5
5 0 1599 3.63 id=6
5 0 1599 0 id=7
5 0 1599 0 id=8
5 0 1599 0 id=9
5 0 1599 2.41 id=10
5 0 1599 4.5 id=11
5 0 1599 0 id=12
5 0 1599 0 id=13
5 0 1599 7.24 id=14
5 0 1599 6.33 id=15
5 0 1599 0 id=16
5 0 1599 0 id=17
5 0 1599 0 id=18
5 0 1599 0 id=19
5 0 1599 0 id=20
5 0 1599 0 id=21
5 0 1599 7.58 id=22
5 0 1599 0 id=23
5 0 1599 0 id=24
5 0 1599 0.69 id=25
5 0 1599 1.51 id=26
5 0 1599 3.76 id=27
5 0 1599 0 id=28
5 0 1599 1.22 id=29
5 0 1599 14 id=30
5 0 1599 6.06 id=31
6 0 1599 0 id=0
6 0 1599 0 id=1
6 0 1599 0 id=2
6 0 1599 0 id=3
6 0 1599 0 id=4
6 0 1599 0 id=5
6 0 1599 0 id=6
6 0 1599 0 id=7
6 0 1599 15.67 id=8
6 0 1599 0 id=9
6 0 1599 3.64 id=10
6 0 1599 6.51 id=11
6 0 1599 0 id=12
6 0 1599 0 id=13
6 0 1599 0 id=14
6 0 1599 0 id=15
6 0 1599 0 id=16
6 0 1599 0 id=17
6 0 1599 0 id=18
6 0 1599 0 id=19
6 0 1599 0 id=20
6 0 1599 0 id=21
6 0 1599 0 id=22
6 0 1599 0 id=23
6 0 1599 18.83 id=24
6 0 1599 39.73 id=25
6 0 1599 5.11 id=26
6 0 1599 0 id=27
6 0 1599 0 id=28
6 0 1599 36.24 id=29
6 0 1599 0 id=30
6 0 1599 2.76 id=31
7 0 1599 0 id=0
7 0 1599 0 id=1
7 0 1599 0 id=2
7 0 1599 0 id=3
7 0 1599 0 id=4
7 0 1599 0 id=5
7 0 1599 13.19 id=6
7 0 1599 0 id=7
7 0 1599 16.41 id=8
7 0 1599 4.73 id=9
7 0 1599 3.24 id=10
7 0 1599 4.92 id=11
7 0 1599 9.74 id=12
7 0 1599 0 id=13
7 0 1599 5.16 id=14
7 0 1599 0 id=15
7 0 1599 4.04 id=16
7 0 1599 0 id=17
7 0 1599 0 id=18
7 0 1599 0 id=19
7 0 1599 0 id=20
7 0 1599 0 id=21
7 0 1599 0 id=22
7 0 1599 0 id=23
7 0 1599 26.94 id=24
7 0 1599 0.66 id=25
7 0 1599 0 id=26
7 0 1599 0 id=27
7 0 1599 0 id=28
7 0 1599 2.35 id=29
7 0 1599 1.6 id=30
7 0 1599 2.14 id=31
8 0 1599 0 id=0
8 0 1599 0 id=1
8 0 1599 0 id=2
8 0 1599 0 id=3
8 0 1599 0 id=4
8 0 1599 0 id=5
8 0 1599 0 id=6
8 0 1599 0 id=7
8 0 1599 0 id=8
8 0 1599 16.24 id=9
8 0 1599 0 id=10
8 0 1599 0 id=11
8 0 1599 6.52 id=12
8 0 1599 0 id=13
8 0 1599 0 id=14
8 0 1599 3.06 id=15
8 0 1599 0 id=16
8 0 1599 0 id=17
8 0 1599 0 id=18
8 0 1599 0 id=19
8 0 1599 0 id=20
8 0 1599 0 id=21
8 0 1599 0 id=22
8 0 1599 0 id=23
8 0 1599 0 id=24
8 0 1599 1.41 id=25
8 0 1599 0 id=26
8 0 1599 9.08 id=27
8 0 1599 0 id=28
8 0 1599 0 id=29
8 0 1599 0 id=30
8 0 1599 0 id=31
9 0 1599 0 id=0
9 0 1599 0 id=1
9 0 1599 0 id=2
9 0 1599 0 id=3
9 0 1599 0 id=4
9 0 1599 0 id=5
9 0 1599 0 id=6
9 0 1599 0 id=7
9 0 1599 0 id=8
9 0 1599 3.72 id=9
9 0 1599 0 id=10
9 0 1599 0 id=11
9 0 1599 4.29 id=12
9 0 1599 0 id=13
9 0 1599 0 id=14
9 0 1599 0 id=15
9 0 1599 0 id=16
9 0 1599 0 id=17
9 0 1599 0 id=18
9 0 1599 0 id=19
9 0 1599 0 id=20
9 0 1599 0 id=21
9 0 1599 0 id=22
9 0 1599 0 id=23
9 0 1599 0 id=24
9 0 1599 0 id=25
9 0 1599 0 id=26
9 0 1599 0 id=27
9 0 1599 0 id=28
9 0 1599 0 id=29
9 0 1599 0 id=30
9 0 1599 0 id=31
10 0 1599 0 id=0
10 0 1599 0 id=1
10 0 1599 0 id=2
10 0 1599 0 id=3
10 0 1599 0 id=4
10 0 1599 0 id=5
10 0 1599 0 id=6
10 0 1599 0 id=7
10 0 1599 0 id=8
10 0 1599 0 id=9
10 0 1599 0 id=10
10 0 1599 0 id=11
10 0 1599 5.74 id=12
10 0 1599 0 id=13
10 0 1599 13.24 id=14
10 0 1599 0 id=15
10 0 1599 0 id=16
10 0 1599 0 id=17
10 0 1599 0 id=18
10 0 1599 0 id=19
10 0 1599 0 id=20
10 0 1599 0 id=21
10 0 1599 0 id=22
10 0 1599 0 id=23
10 0 1599 0 id=24
10 0 1599 0 id=25
10 0 1599 0 id=26
10 0 1599 0 id=27
10 0 1599 0 id=28
10 0 1599 0 id=29
10 0 1599 0 id=30
10 0 1599 0 id=31
11 0 1599 0 id=0
11 0 1599 0 id=1
11 0 1599 0 id=2
11 0 1599 0 id=3
11 0 1599 0 id=4
11 0 1599 0 id=5
11 0 1599 0 id=6
11 0 1599 0 id=7
11 0 1599 0 id=8
11 0 1599 0 id=9
11 0 1599 0 id=10
11 0 1599 0 id=11
11 0 1599 0 id=12
11 0 1599 3.82 id=13
11 0 1599 0 id=14
11 0 1599 0 id=15
11 0 1599 0 id=16
11 0 1599 8.27 id=17
11 0 1599 0 id=18
11 0 1599 0 id=19
11 0 1599 0 id=20
11 0 1599 2.85 id=21
11 0 1599 0 id=22
11 0 1599 0 id=23
11 0 1599 0 id=24
11 0 1599 0 id=25
11 0 1599 0 id=26
11 0 1599 0 id=27
11 0 1599 0 id=28
11 0 1599 0 id=29
11 0 1599 0 id=30
11 0 1599 0 id=31
12 0 1599 0 id=0
12 0 1599 0 id=1
12 0 1599 0 id=2
12 0 1599 0 id=3
12 0 1599 0 id=4
12 0 1599 0 id=5
12 0 1599 0 id=6
12 0 1599 0 id=7
12 0 1599 4.96 id=8
12 0 1599 0 id=9
12 0 1599 0 id=10
12 0 1599 0 id=11
12 0 1599 0 id=12
12 0 1599 0 id=13
12 0 1599 0 id=14
12 0 1599 0 id=15
12 0 1599 0 id=16
12 0 1599 0 id=17
12 0 1599 1.53 id=18
12 0 1599 0 id=19
12 0 1599 0 id=20
12 0 1599 0 id=21
12 0 1599 0 id=22
12 0 1599 0 id=23
12 0 1599 0 id=24
12 0 1599 0.81 id=25
12 0 1599 0 id=26
12 0 1599 0 id=27
12 0 1599 0 id=28
12 0 1599 2.41 id=29
12 0 1599 0 id=30
12 0 1599 0 id=31
13 0 1599 0 id=0
13 0 1599 0 id=1
13 0 1599 0 id=2
13 0 1599 0 id=3
13 0 1599 0 id=4
13 0 1599 0 id=5
13 0 1599 0 id=6
13 0 1599 0 id=7
13 0 1599 6.15 id=8
13 0 1599 0 id=9
13 0 1599 0 id=10
13 0 1599 0 id=11
13 0 1599 0 id=12
13 0 1599 0 id=13
13 0 1599 0 id=14
13 0 1599 0 id=15
13 0 1599 0 id=16
13 0 1599 0 id=17
13 0 1599 0 id=18
13 0 1599 0 id=19
13 0 1599 0 id=20
13 0 1599 0 id=21
13 0 1599 0 id=22
13 0 1599 0 id=23
13 0 1599 6.04 id=24
13 0 1599 0 id=25
13 0 1599 0 id=26
13 0 1599 0 id=27
13 0 1599 0 id=28
13 0 1599 0 id=29
13 0 1599 0 id=30
13 0 1599 0 id=31
14 0 1599 0 id=0
14 0 1599 0 id=1
14 0 1599 0 id=2
14 0 1599 0 id=3
14 0 1599 0 id=4
14 0 1599 0 id=5
14 0 1599 0 id=6
14 0 1599 0 id=7
14 0 1599 0 id=8
14 0 1599 5.06 id=9
14 0 1599 0 id=10
14 0 1599 0 id=11
14 0 1599 0 id=12
14 0 1599 0 id=13
14 0 1599 0 id=14
14 0 1599 0 id=15
14 0 1599 0 id=16
14 0 1599 0 id=17
14 0 1599 0 id=18
14 0 1599 0 id=19
14 0 1599 0 id=20
14 0 1599 0 id=21
14 0 1599 0 id=22
14 0 1599 0 id=23
14 0 1599 0 id=24
14 0 1599 0 id=25
14 0 1599 0 id=26
14 0 1599 0 id=27
14 0 1599 0 id=28
14 0 1599 0 id=29
14 0 1599 0 id=30
14 0 1599 3.63 id=31
15 0 1599 0 id=0
15 0 1599 0 id=1
15 0 1599 0 id=2
15 0 1599 0 id=3
15 0 1599 0 id=4
15 0 1599 0 id=5
15 0 1599 0 id=6
15 0 1599 0 id=7
15 0 1599 0 id=8
15 0 1599 0 id=9
15 0 1599 0 id=10
15 0 1599 0 id=11
15 0 1599 0 id=12
15 0 1599 0 id=13
15 0 1599 2.72 id=14
15 0 1599 0 id=15
15 0 1599 0 id=16
15 0 1599 0 id=17
15 0 1599 0 id=18
15 0 1599 0 id=19
15 0 1599 0 id=20
15 0 1599 0 id=21
15 0 1599 0 id=22
15 0 1599 0 id=23
15 0 1599 0 id=24
15 0 1599 0 id=25
15 0 1599 0 id=26
15 0 1599 0 id=27
15 0 1599 0 id=28
15 0 1599 0 id=29
15 0 1599 0 id=30
15 0 1599 0 id=31
16 0 1599 0 id=0
16 0 1599 0 id=1
16 0 1599 0 id=2
16 0 1599 0 id=3
16 0 1599 0 id=4
16 0 1599 0 id=5
16 0 1599 3.62 id=6
16 0 1599 0 id=7
16 0 1599 4.75 id=8
16 0 1599 0 id=9
16 0 1599 0 id=10
16 0 1599 0 id=11
16 0 1599 0 id=12
16 0 1599 0 id=13
16 0 1599 0 id=14
16 0 1599 0 id=15
16 0 1599 0 id=16
16 0 1599 0 id=17
16 0 1599 0 id=18
16 0 1599 0 id=19
16 0 1599 0 id=20
16 0 1599 0 id=21
16 0 1599 0 id=22
16 0 1599 0 id=23
16 0 1599 12.25 id=24
16 0 1599 0 id=25
16 0 1599 0 id=26
16 0 1599 0 id=27
16 0 1599 0 id=28
16 0 1599 0 id=29
16 0 1599 0 id=30
16 0 1599 0 id=31
17 0 1599 20.45 id=0
17 0 1599 0 id=1
17 0 1599 0 id=2
17 0 1599 0 id=3
17 0 1599 0 id=4
17 0 1599 0 id=5
17 0 1599 0 id=6
17 0 1599 0 id=7
17 0 1599 0 id=8
17 0 1599 0 id=9
17 0 1599 0 id=10
17 0 1599 0 id=11
17 0 1599 0 id=12
17 0 1599 2.04 id=13
17 0 1599 0 id=14
17 0 1599 0 id=15
17 0 1599 0 id=16
17 0 1599 2.65 id=17
17 0 1599 0 id=18
17 0 1599 0 id=19
17 0 1599 0 id=20
17 0 1599 2.03 id=21
17 0 1599 0 id=22
17 0 1599 0 id=23
17 0 1599 0 id=24
17 0 1599 0 id=25
17 0 1599 0 id=26
17 0 1599 0 id=27
17 0 1599 13.03 id=28
17 0 1599 0 id=29
17 0 1599 0 id=30
17 0 1599 0 id=31
18 0 1599 0 id=0
18 0 1599 1.96 id=1
18 0 1599 0 id=2
18 0 1599 0 id=3
18 0 1599 0 id=4
18 0 1599 0 id=5
18 0 1599 8.1 id=6
18 0 1599 1.69 id=7
18 0 1599 3.93 id=8
18 0 1599 0 id=9
18 0 1599 0 id=10
18 0 1599 0 id=11
18 0 1599 0 id=12
18 0 1599 0 id=13
18 0 1599 0 id=14
18 0 1599 0 id=15
18 0 1599 0 id=16
18 0 1599 0 id=17
18 0 1599 0 id=18
18 0 1599 0 id=19
18 0 1599 0 id=20
18 0 1599 0 id=21
18 0 1599 0 id=22
18 0 1599 0 id=23
18 0 1599 8.41 id=24
18 0 1599 0 id=25
18 0 1599 0 id=26
18 0 1599 0 id=27
18 0 1599 0 id=28
18 0 1599 0 id=29
18 0 1599 0 id=30
18 0 1599 0 id=31
19 0 1599 0 id=0
19 0 1599 0 id=1
19 0 1599 0 id=2
19 0 1599 0 id=3
19 0 1599 0 id=4
19 0 1599 0 id=5
19 0 1599 7.08 id=6
19 0 1599 0 id=7
19 0 1599 0 id=8
19 0 1599 0 id=9
19 0 1599 0 id=10
19 0 1599 0 id=11
19 0 1599 0 id=12
19 0 1599 0 id=13
19 0 1599 0 id=14
19 0 1599 0 id=15
19 0 1599 0 id=16
19 0 1599 0 id=17
19 0 1599 0 id=18
19 0 1599 0 id=19
19 0 1599 0 id=20
19 0 1599 0 id=21
19 0 1599 0 id=22
19 0 1599 0 id=23
19 0 1599 0 id=24
19 0 1599 0 id=25
19 0 1599 2.61 id=26
19 0 1599 0 id=27
19 0 1599 0 id=28
19 0 1599 0 id=29
19 0 1599 0 id=30
19 0 1599 0 id=31
20 0 1599 4.73 id=0
20 0 1599 0 id=1
20 0 1599 0 id=2
20 0 1599 0 id=3
20 0 1599 0 id=4
20 0 1599 0 id=5
20 0 1599 0 id=6
20 0 1599 0 id=7
20 0 1599 0 id=8
20 0 1599 0 id=9
20 0 1599 0 id=10
20 0 1599 0 id=11
20 0 1599 0 id=12
20 0 1599 0 id=13
20 0 1599 0 id=14
20 0 1599 0 id=15
20 0 1599 0 id=16
20 0 1599 0 id=17
20 0 1599 0 id=18
20 0 1599 0 id=19
20 0 1599 0 id=20
20 0 1599 0 id=21
20 0 1599 0 id=22
20 0 1599 0 id=23
20 0 1599 0 id=24
20 0 1599 0 id=25
20 0 1599 0 id=26
20 0 1599 0 id=27
20 0 1599 0 id=28
20 0 1599 0 id=29
20 0 1599 0 id=30
20 0 1599 0 id=31
21 0 1599 0 id=0
21 0 1599 0 id=1
21 0 1599 19.52 id=2
21 0 1599 0 id=3
21 0 1599 0 id=4
21 0 1599 0 id=5
21 0 1599 0 id=6
21 0 1599 0 id=7
21 0 1599 0 id=8
21 0 1599 0 id=9
21 0 1599 0 id=10
21 0 1599 0 id=11
21 0 1599 0 id=12
21 0 1599 0 id=13
21 0 1599 0 id=14
21 0 1599 0 id=15
21 0 1599 0 id=16
21 0 1599 0 id=17
21 0 1599 0 id=18
21 0 1599 0 id=19
21 0 1599 0 id=20
21 0 1599 0 id=21
21 0 1599 0 id=22
21 0 1599 0 id=23
21 0 1599 0 id=24
21 0 1599 0 id=25
21 0 1599 0 id=26
21 0 1599 0 id=27
21 0 1599 0 id=28
21 0 1599 0 id=29
21 0 1599 0 id=30
21 0 1599 0 id=31
22 0 1599 0 id=0
22 0 1599 0 id=1
22 0 1599 8.43 id=2
22 0 1599 0 id=3
22 0 1599 0 id=4
22 0 1599 0 id=5
22 0 1599 0 id=6
22 0 1599 0 id=7
22 0 1599 0 id=8
22 0 1599 0 id=9
22 0 1599 0 id=10
22 0 1599 0 id=11
22 0 1599 0 id=12
22 0 1599 0 id=13
22 0 1599 0 id=14
22 0 1599 0 id=15
22 0 1599 0 id=16
22 0 1599 0 id=17
22 0 1599 0 id=18
22 0 1599 0 id=19
22 0 1599 0 id=20
22 0 1599 0 id=21
22 0 1599 0 id=22
22 0 1599 0 id=23
22 0 1599 0 id=24
22 0 1599 0 id=25
22 0 1599 0 id=26
22 0 1599 0 id=27
22 0 1599 0 id=28
22 0 1599 0 id=29
22 0 1599 0 id=30
22 0 1599 0 id=31
23 0 1599 0 id=0
23 0 1599 0 id=1
23 0 1599 6.3 id=2
23 0 1599 0 id=3
23 0 1599 0 id=4
23 0 1599 0 id=5
23 0 1599 0 id=6
23 0 1599 0 id=7
23 0 1599 0 id=8
23 0 1599 0 id=9
23 0 1599 0 id=10
23 0 1599 0 id=11
23 0 1599 0 id=12
23 0 1599 0 id=13
23 0 1599 0 id=14
23 0 1599 0 id=15
23 0 1599 0 id=16
23 0 1599 0 id=17
23 0 1599 0 id=18
23 0 1599 0 id=19
23 0 1599 0 id=20
23 0 1599 0 id=21
23 0 1599 0 id=22
23 0 1599 0 id=23
23 0 1599 0 id=24
23 0 1599 0 id=25
23 0 1599 0 id=26
23 0 1599 0 id=27
23 0 1599 0 id=28
23 0 1599 0 id=29
23 0 1599 0 id=30
23 0 1599 0 id=31
24 0 1599 0 id=0
24 0 1599 0 id=1
24 0 1599 5.41 id=2
24 0 1599 0 id=3
24 0 1599 0 id=4
24 0 1599 0 id=5
24 0 1599 0 id=6
24 0 1599 0 id=7
24 0 1599 0 id=8
24 0 1599 0 id=9
24 0 1599 0 id=10
24 0 1599 0 id=11
24 0 1599 0 id=12
24 0 1599 0 id=13
24 0 1599 0 id=14
24 0 1599 0 id=15
24 0 1599 0 id=16
24 0 1599 0 id=17
24 0 1599 0 id=18
24 0 1599 0 id=19
24 0 1599 0 id=20
24 0 1599 0 id=21
24 0 1599 0 id=22
24 0 1599 0 id=23
24 0 1599 0 id=24
24 0 1599 0 id=25
24 0 1599 0 id=26
24 0 1599 0 id=27
24 0 1599 0 id=28
24 0 1599 0 id=29
24 0 1599 0 id=30
24 0 1599 0 id=31
25 0 1599 0 id=0
25 0 1599 0 id=1
25 0 1599 4.68 id=2
25 0 1599 0 id=3
25 0 1599 0 id=4
25 0 1599 0 id=5
25 0 1599 0 id=6
25 0 1599 0 id=7
25 0 1599 0 id=8
25 0 1599 0 id=9
25 0 1599 0 id=10
25 0 1599 0 id=11
25 0 1599 0 id=12
25 0 1599 0 id=13
25 0 1599 0 id=14
25 0 1599 0 id=15
25 0 1599 0 id=16
25 0 1599 0 id=17
25 0 1599 0 id=18
25 0 1599 0 id=19
25 0 1599 0 id=20
25 0 1599 0 id=21
25 0 1599 0 id=22
25 0 1599 0 id=23
25 0 1599 0 id=24
25 0 1599 0 id=25
25 0 1599 0 id=26
25 0 1599 0 id=27
25 0 1599 0 id=28
25 0 1599 0 id=29
25 0 1599 0 id=30
25 0 1599 0 id=31
26 0 1599 0 id=0
26 0 1599 0 id=1
26 0 1599 0 id=2
26 0 1599 3.4 id=3
26 0 1599 0 id=4
26 0 1599 0 id=5
26 0 1599 0 id=6
26 0 1599 0 id=7
26 0 1599 0 id=8
26 0 1599 0 id=9
26 0 1599 0 id=10
26 0 1599 0 id=11
26 0 1599 0 id=12
26 0 1599 0 id=13
26 0 1599 0 id=14
26 0 1599 0 id=15
26 0 1599 0 id=16
26 0 1599 0 id=17
26 0 1599 0 id=18
26 0 1599 0 id=19
26 0 1599 0 id=20
26 0 1599 0 id=21
26 0 1599 0 id=22
26 0 1599 0 id=23
26 0 1599 0 id=24
26 0 1599 0 id=25
26 0 1599 0 id=26
26 0 1599 0 id=27
26 0 1599 0 id=28
26 0 1599 0 id=29
26 0 1599 0 id=30
26 0 1599 0 id=31
27 0 1599 0 id=0
27 0 1599 0 id=1
27 0 1599 0 id=2
27 0 1599 0 id=3
27 0 1599 6.34 id=4
27 0 1599 0 id=5
27 0 1599 0 id=6
27 0 1599 0 id=7
27 0 1599 0 id=8
27 0 1599 0 id=9
27 0 1599 0 id=10
27 0 1599 0 id=11
27 0 1599 0 id=12
27 0 1599 0 id=13
27 0 1599 0 id=14
27 0 1599 0 id=15
27 0 1599 0 id=16
27 0 1599 0 id=17
27 0 1599 0 id=18
27 0 1599 0 id=19
27 0 1599 0 id=20
27 0 1599 0 id=21
27 0 1599 0 id=22
27 0 1599 0 id=23
27 0 1599 0 id=24
27 0 1599 0 id=25
27 0 1599 0 id=26
27 0 1599 0 id=27
27 0 1599 0 id=28
27 0 1599 0 id=29
27 0 1599 0 id=30
27 0 1599 0 id=31
28 0 1599 0 id=0
28 0 1599 0 id=1
28 0 1599 0 id=2
28 0 1599 0 id=3
28 0 1599 1.88 id=4
28 0 1599 0 id=5
28 0 1599 0 id=6
28 0 1599 0 id=7
28 0 1599 0 id=8
28 0 1599 0 id=9
28 0 1599 0 id=10
28 0 1599 0 id=11
28 0 1599 0 id=12
28 0 1599 0 id=13
28 0 1599 0 id=14
28 0 1599 0 id=15
28 0 1599 0 id=16
28 0 1599 0 id=17
28 0 1599 0 id=18
28 0 1599 0 id=19
28 0 1599 0 id=20
28 0 1599 0 id=21
28 0 1599 0 id=22
28 0 1599 0 id=23
28 0 1599 0 id=24
28 0 1599 0 id=25
28 0 1599 0 id=26
28 0 1599 0 id=27
28 0 1599 0 id=28
28 0 1599 0 id=29
28 0 1599 0 id=30
28 0 1599 0 id=31
29 0 1599 0 id=0
29 0 1599 0 id=1
29 0 1599 0 id=2
29 0 1599 0 id=3
29 0 1599 0 id=4
29 0 1599 0.56 id=5
29 0 1599 0 id=6
29 0 1599 0 id=7
29 0 1599 0 id=8
29 0 1599 0 id=9
29 0 1599 0 id=10
29 0 1599 0 id=11
29 0 1599 0 id=12
29 0 1599 0 id=13
29 0 1599 0 id=14
29 0 1599 0 id=15
29 0 1599 0 id=16
29 0 1599 0 id=17
29 0 1599 0 id=18
29 0 1599 0 id=19
29 0 1599 0 id=20
29 0 1599 0 id=21
29 0 1599 0 id=22
29 0 1599 0 id=23
29 0 1599 0 id=24
29 0 1599 0 id=25
29 0 1599 0 id=26
29 0 1599 0 id=27
29 0 1599 0 id=28
29 0 1599 0 id=29
29 0 1599 0 id=30
29 0 1599 0 id=31
30 0 1599 4.72 id=0
30 0 1599 0 id=1
30 0 1599 0 id=2
30 0 1599 0 id=3
30 0 1599 21.37 id=4
30 0 1599 0 id=5
30 0 1599 0 id=6
30 0 1599 0 id=7
30 0 1599 0 id=8
30 0 1599 0 id=9
30 0 1599 0 id=10
30 0 1599 0 id=11
30 0 1599 0 id=12
30 0 1599 4.32 id=13
30 0 1599 0 id=14
30 0 1599 0 id=15
30 0 1599 0 id=16
30 0 1599 5.52 id=17
30 0 1599 8.06 id=18
30 0 1599 4.04 id=19
30 0 1599 0 id=20
30 0 1599 6.58 id=21
30 0 1599 0 id=22
30 0 1599 0 id=23
30 0 1599 0 id=24
30 0 1599 0 id=25
30 0 1599 0 id=26
30 0 1599 2.84 id=27
30 0 1599 0 id=28
30 0 1599 0 id=29
30 0 1599 0 id=30
30 0 1599 0 id=31
31 0 1599 3.41 id=0
31 0 1599 0 id=1
31 0 1599 0 id=2
31 0 1599 21.68 id=3
31 0 1599 0 id=4
31 0 1599 0 id=5
31 0 1599 0 id=6
31 0 1599 0 id=7
31 0 1599 0 id=8
31 0 1599 0 id=9
31 0 1599 0 id=10
31 0 1599 0 id=11
31 0 1599 0 id=12
31 0 1599 0 id=13
31 0 1599 0 id=14
31 0 1599 0 id=15
31 0 1599 0 id=16
31 0 1599 0 id=17
31 0 1599 0 id=18
31 0 1599 0 id=19
31 0 1599 0 id=20
31 0 1599 0 id=21
31 0 1599 0 id=22
31 0 1599 0 id=23
31 0 1599 0 id=24
31 0 1599 0 id=25
31 0 1599 0 id=26
31 0 1599 0 id=27
31 0 1599 0 id=28
31 0 1599 0 id=29
31 0 1599 0 id=30
31 0 1599 0 id=31
32 0 1599 7.2 id=0
32 0 1599 0 id=1
32 0 1599 0 id=2
32 0 1599 5.74 id=3
32 0 1599 1.03 id=4
32 0 1599 80.6 id=5
32 0 1599 0 id=6
32 0 1599 0 id=7
32 0 1599 0 id=8
32 0 1599 0 id=9
32 0 1599 0 id=10
32 0 1599 0 id=11
32 0 1599 0 id=12
32 0 1599 0 id=13
32 0 1599 0 id=14
32 0 1599 0 id=15
32 0 1599 0 id=16
32 0 1599 0 id=17
32 0 1599 0 id=18
32 0 1599 0 id=19
32 0 1599 0 id=20
32 0 1599 0 id=21
32 0 1599 0 id=22
32 0 1599 0 id=23
32 0 1599 0 id=24
32 0 1599 0 id=25
32 0 1599 0 id=26
32 0 1599 0 id=27
32 0 1599 0 id=28
32 0 1599 0 id=29
32 0 1599 0 id=30
32 0 1599 0 id=31
33 0 1599 0 id=0
33 0 1599 0 id=1
33 0 1599 0 id=2
33 0 1599 4.09 id=3
33 0 1599 0 id=4
33 0 1599 0.89 id=5
33 0 1599 0 id=6
33 0 1599 0 id=7
33 0 1599 0 id=8
33 0 1599 0 id=9
33 0 1599 0 id=10
33 0 1599 0 id=11
33 0 1599 0 id=12
33 0 1599 0 id=13
33 0 1599 0 id=14
33 0 1599 0 id=15
33 0 1599 0 id=16
33 0 1599 0 id=17
33 0 1599 0 id=18
33 0 1599 0 id=19
33 0 1599 0 id=20
33 0 1599 0 id=21
33 0 1599 0 id=22
33 0 1599 0 id=23
33 0 1599 0 id=24
33 0 1599 0 id=25
33 0 1599 0 id=26
33 0 1599 0 id=27
33 0 1599 0 id=28
33 0 1599 0 id=29
33 0 1599 0 id=30
33 0 1599 0 id=31
34 0 1599 0 id=0
34 0 1599 4.33 id=1
34 0 1599 0 id=2
34 0 1599 0 id=3
34 0 1599 0 id=4
34 0 1599 0 id=5
34 0 1599 0 id=6
34 0 1599 1.78 id=7
34 0 1599 0 id=8
34 0 1599 0 id=9
34 0 1599 0 id=10
34 0 1599 0 id=11
34 0 1599 0 id=12
34 0 1599 0 id=13
34 0 1599 0 id=14
34 0 1599 0 id=15
34 0 1599 0 id=16
34 0 1599 0 id=17
34 0 1599 0 id=18
34 0 1599 0 id=19
34 0 1599 0 id=20
34 0 1599 0 id=21
34 0 1599 0 id=22
34 0 1599 0 id=23
34 0 1599 0 id=24
34 0 1599 0 id=25
34 0 1599 0 id=26
34 0 1599 0 id=27
34 0 1599 0 id=28
34 0 1599 0 id=29
34 0 1599 0 id=30
34 0 1599 0 id=31
35 0 1599 3.51 id=0
35 0 1599 0 id=1
35 0 1599 5.14 id=2
35 0 1599 0 id=3
35 0 1599 0 id=4
35 0 1599 0 id=5
35 0 1599 0 id=6
35 0 1599 0 id=7
35 0 1599 0 id=8
35 0 1599 0 id=9
35 0 1599 0 id=10
35 0 1599 0 id=11
35 0 1599 0 id=12
35 0 1599 0 id=13
35 0 1599 0 id=14
35 0 1599 0 id=15
35 0 1599 0 id=16
35 0 1599 0 id=17
35 0 1599 0 id=18
35 0 1599 0 id=19
35 0 1599 0 id=20
35 0 1599 0 id=21
35 0 1599 0 id=22
35 0 1599 0 id=23
35 0 1599 0 id=24
35 0 1599 0 id=25
35 0 1599 0 id=26
35 0 1599 0 id=27
35 0 1599 0 id=28
35 0 1599 0 id=29
35 0 1599 0 id=30
35 0 1599 0 id=31
36 0 1599 0 id=0
36 0 1599 5.87 id=1
36 0 1599 0 id=2
36 0 1599 0 id=3
36 0 1599 3.67 id=4
36 0 1599 1.99 id=5
36 0 1599 0 id=6
36 0 1599 24.52 id=7
36 0 1599 0 id=8
36 0 1599 0 id=9
36 0 1599 0 id=10
36 0 1599 0 id=11
36 0 1599 0 id=12
36 0 1599 0 id=13
36 0 1599 0 id=14
36 0 1599 0 id=15
36 0 1599 0 id=16
36 0 1599 0 id=17
36 0 1599 0 id=18
36 0 1599 3.09 id=19
36 0 1599 0 id=20
36 0 1599 0 id=21
36 0 1599 1.82 id=22
36 0 1599 0 id=23
36 0 1599 0 id=24
36 0 1599 0 id=25
36 0 1599 0 id=26
36 0 1599 0 id=27
36 0 1599 0 id=28
36 0 1599 0 id=29
36 0 1599 0 id=30
36 0 1599 0 id=31
37 0 1599 0 id=0
37 0 1599 30.23 id=1
37 0 1599 0 id=2
37 0 1599 1.53 id=3
37 0 1599 2.22 id=4
37 0 1599 3 id=5
37 0 1599 0 id=6
37 0 1599 8.76 id=7
37 0 1599 0 id=8
37 0 1599 0 id=9
37 0 1599 0 id=10
37 0 1599 0 id=11
37 0 1599 0 id=12
37 0 1599 0 id=13
37 0 1599 0 id=14
37 0 1599 0 id=15
37 0 1599 0 id=16
37 0 1599 0 id=17
37 0 1599 0 id=18
37 0 1599 0 id=19
37 0 1599 0 id=20
37 0 1599 0 id=21
37 0 1599 0 id=22
37 0 1599 0 id=23
37 0 1599 0 id=24
37 0 1599 0 id=25
37 0 1599 0 id=26
37 0 1599 0 id=27
37 0 1599 0 id=28
37 0 1599 0 id=29
37 0 1599 0 id=30
37 0 1599 0 id=31
38 0 1599 0 id=0
38 0 1599 35.88 id=1
38 0 1599 0 id=2
38 0 1599 1.53 id=3
38 0 1599 41.73 id=4
38 0 1599 1.52 id=5
38 0 1599 0 id=6
38 0 1599 46.34 id=7
38 0 1599 0 id=8
38 0 1599 8.65 id=9
38 0 1599 3.14 id=10
38 0 1599 0 id=11
38 0 1599 0 id=12
38 0 1599 0 id=13
38 0 1599 0 id=14
38 0 1599 6.13 id=15
38 0 1599 7.84 id=16
38 0 1599 0 id=17
38 0 1599 0 id=18
38 0 1599 4.4 id=19
38 0 1599 0 id=20
38 0 1599 0 id=21
38 0 1599 4.85 id=22
38 0 1599 0.84 id=23
38 0 1599 0 id=24
38 0 1599 0 id=25
38 0 1599 0 id=26
38 0 1599 0 id=27
38 0 1599 0 id=28
38 0 1599 0 id=29
38 0 1599 1.82 id=30
38 0 1599 0 id=31
39 0 1599 0 id=0
39 0 1599 1.15 id=1
39 0 1599 0 id=2
39 0 1599 0 id=3
39 0 1599 0 id=4
39 0 1599 0.73 id=5
39 0 1599 0 id=6
39 0 1599 1.47 id=7
39 0 1599 0 id=8
39 0 1599 0 id=9
39 0 1599 0 id=10
39 0 1599 0 id=11
39 0 1599 0 id=12
39 0 1599 0 id=13
39 0 1599 0 id=14
39 0 1599 0 id=15
39 0 1599 0 id=16
39 0 1599 0 id=17
39 0 1599 0 id=18
39 0 1599 0 id=19
39 0 1599 0 id=20
39 0 1599 0 id=21
39 0 1599 0 id=22
39 0 1599 0 id=23
39 0 1599 0 id=24
39 0 1599 0 id=25
39 0 1599 0 id=26
39 0 1599 0 id=27
39 0 1599 0 id=28
39 0 1599 0 id=29
39 0 1599 0 id=30
39 0 1599 0 id=31
40 0 1599 0 id=0
40 0 1599 0 id=1
40 0 1599 0 id=2
40 0 1599 0 id=3
40 0 1599 0 id=4
40 0 1599 0 id=5
40 0 1599 0 id=6
40 0 1599 0 id=7
40 0 1599 0 id=8
40 0 1599 0 id=9
40 0 1599 0 id=10
40 0 1599 0 id=11
40 0 1599 0 id=12
40 0 1599 0 id=13
40 0 1599 0 id=14
40 0 1599 0 id=15
40 0 1599 0 id=16
40 0 1599 0 id=17
40 0 1599 0 id=18
40 0 1599 4.7 id=19
40 0 1599 4.04 id=20
40 0 1599 2.02 id=21
40 0 1599 0 id=22
40 0 1599 4.42 id=23
40 0 1599 0 id=24
40 0 1599 0 id=25
40 0 1599 0 id=26
40 0 1599 2.78 id=27
40 0 1599 0 id=28
40 0 1599 0 id=29
40 0 1599 0 id=30
40 0 1599 0 id=31
41 0 1599 0 id=0
41 0 1599 0 id=1
41 0 1599 0 id=2
41 0 1599 0 id=3
41 0 1599 0 id=4
41 0 1599 0 id=5
41 0 1599 0 id=6
41 0 1599 0 id=7
41 0 1599 0 id=8
41 0 1599 0 id=9
41 0 1599 0 id=10
41 0 1599 0 id=11
41 0 1599 0 id=12
41 0 1599 0 id=13
41 0 1599 0 id=14
41 0 1599 0 id=15
41 0 1599 0 id=16
41 0 1599 5.38 id=17
41 0 1599 5 id=18
41 0 1599 0 id=19
41 0 1599 0 id=20
41 0 1599 9.18 id=21
41 0 1599 0 id=22
41 0 1599 1.13 id=23
41 0 1599 0 id=24
41 0 1599 0 id=25
41 0 1599 0 id=26
41 0 1599 0 id=27
41 0 1599 0 id=28
41 0 1599 0 id=29
41 0 1599 0 id=30
41 0 1599 0 id=31
42 0 1599 0 id=0
42 0 1599 0 id=1
42 0 1599 0 id=2
42 0 1599 0 id=3
42 0 1599 0 id=4
42 0 1599 0 id=5
42 0 1599 0 id=6
42 0 1599 0 id=7
42 0 1599 0 id=8
42 0 1599 0 id=9
42 0 1599 0 id=10
42 0 1599 0 id=11
42 0 1599 0 id=12
42 0 1599 0 id=13
42 0 1599 0 id=14
42 0 1599 0 id=15
42 0 1599 0 id=16
42 0 1599 0 id=17
42 0 1599 0 id=18
42 0 1599 4.2 id=19
42 0 1599 6.5 id=20
42 0 1599 0 id=21
42 0 1599 0 id=22
42 0 1599 1.16 id=23
42 0 1599 0 id=24
42 0 1599 0 id=25
42 0 1599 0 id=26
42 0 1599 0 id=27
42 0 1599 0 id=28
42 0 1599 0 id=29
42 0 1599 0 id=30
42 0 1599 0 id=31
43 0 1599 0 id=0
43 0 1599 0 id=1
43 0 1599 0 id=2
43 0 1599 0 id=3
43 0 1599 0 id=4
43 0 1599 0 id=5
43 0 1599 0 id=6
43 0 1599 0 id=7
43 0 1599 0 id=8
43 0 1599 0 id=9
43 0 1599 0 id=10
43 0 1599 0 id=11
43 0 1599 0 id=12
43 0 1599 0 id=13
43 0 1599 0 id=14
43 0 1599 0 id=15
43 0 1599 0 id=16
43 0 1599 3.29 id=17
43 0 1599 2.4 id=18
43 0 1599 0 id=19
43 0 1599 0 id=20
43 0 1599 0 id=21
43 0 1599 0 id=22
43 0 1599 0 id=23
43 0 1599 0 id=24
43 0 1599 0 id=25
43 0 1599 0 id=26
43 0 1599 0 id=27
43 0 1599 0 id=28
43 0 1599 0 id=29
43 0 1599 0 id=30
43 0 1599 0 id=31
44 0 1599 0 id=0
44 0 1599 0 id=1
44 0 1599 0 id=2
44 0 1599 0 id=3
44 0 1599 0 id=4
44 0 1599 0 id=5
44 0 1599 0 id=6
44 0 1599 0 id=7
44 0 1599 0 id=8
44 0 1599 0 id=9
44 0 1599 0 id=10
44 0 1599 0 id=11
44 0 1599 0 id=12
44 0 1599 0 id=13
44 0 1599 0 id=14
44 0 1599 0 id=15
44 0 1599 0 id=16
44 0 1599 0 id=17
44 0 1599 0 id=18
44 0 1599 0 id=19
44 0 1599 5.69 id=20
44 0 1599 0 id=21
44 0 1599 0 id=22
44 0 1599 0 id=23
44 0 1599 0 id=24
44 0 1599 0 id=25
44 0 1599 0 id=26
44 0 1599 0 id=27
44 0 1599 2.87 id=28
44 0 1599 0 id=29
44 0 1599 0 id=30
44 0 1599 0 id=31
45 0 1599 0 id=0
45 0 1599 0 id=1
45 0 1599 0 id=2
45 0 1599 0 id=3
45 0 1599 0 id=4
45 0 1599 0 id=5
45 0 1599 0 id=6
45 0 1599 0 id=7
45 0 1599 0 id=8
45 0 1599 0 id=9
45 0 1599 0 id=10
45 0 1599 0 id=11
45 0 1599 0 id=12
45 0 1599 0 id=13
45 0 1599 0 id=14
45 0 1599 0 id=15
45 0 1599 0 id=16
45 0 1599 0 id=17
45 0 1599 0 id=18
45 0 1599 0 id=19
45 0 1599 5.47 id=20
45 0 1599 0 id=21
45 0 1599 0 id=22
45 0 1599 0 id=23
45 0 1599 0 id=24
45 0 1599 0 id=25
45 0 1599 0 id=26
45 0 1599 0 id=27
45 0 1599 5.92 id=28
45 0 1599 0 id=29
45 0 1599 0 id=30
45 0 1599 0 id=31
46 0 1599 0 id=0
46 0 1599 0 id=1
46 0 1599 0 id=2
46 0 1599 0 id=3
46 0 1599 0 id=4
46 0 1599 0 id=5
46 0 1599 0 id=6
46 0 1599 0 id=7
46 0 1599 0 id=8
46 0 1599 0 id=9
46 0 1599 0 id=10
46 0 1599 0 id=11
46 0 1599 0 id=12
46 0 1599 0 id=13
46 0 1599 0 id=14
46 0 1599 0 id=15
46 0 1599 6.2 id=16
46 0 1599 0 id=17
46 0 1599 0 id=18
46 0 1599 0 id=19
46 0 1599 0 id=20
46 0 1599 0 id=21
46 0 1599 0 id=22
46 0 1599 0 id=23
46 0 1599 0 id=24
46 0 1599 0 id=25
46 0 1599 0 id=26
46 0 1599 0 id=27
46 0 1599 0 id=28
46 0 1599 0 id=29
46 0 1599 0 id=30
46 0 1599 0 id=31
47 0 1599 0 id=0
47 0 1599 0 id=1
47 0 1599 0 id=2
47 0 1599 0 id=3
47 0 1599 0 id=4
47 0 1599 0 id=5
47 0 1599 0 id=6
47 0 1599 0 id=7
47 0 1599 0 id=8
47 0 1599 0 id=9
47 0 1599 0 id=10
47 0 1599 0 id=11
47 0 1599 0 id=12
47 0 1599 0 id=13
47 0 1599 0 id=14
47 0 1599 0 id=15
47 0 1599 5.05 id=16
47 0 1599 0 id=17
47 0 1599 0 id=18
47 0 1599 0 id=19
47 0 1599 0 id=20
47 0 1599 0 id=21
47 0 1599 0 id=22
47 0 1599 0 id=23
47 0 1599 0 id=24
47 0 1599 0 id=25
47 0 1599 0 id=26
47 0 1599 0 id=27
47 0 1599 0 id=28
47 0 1599 0 id=29
47 0 1599 0 id=30
47 0 1599 0 id=31
48 0 1599 0 id=0
48 0 1599 0 id=1
48 0 1599 0 id=2
48 0 1599 0 id=3
48 0 1599 0 id=4
48 0 1599 0 id=5
48 0 1599 0 id=6
48 0 1599 0 id=7
48 0 1599 0 id=8
48 0 1599 0 id=9
48 0 1599 0 id=10
48 0 1599 0 id=11
48 0 1599 0 id=12
48 0 1599 0 id=13
48 0 1599 0 id=14
48 0 1599 0 id=15
48 0 1599 0 id=16
48 0 1599 0 id=17
48 0 1599 0 id=18
48 0 1599 0 id=19
48 0 1599 5.91 id=20
48 0 1599 0 id=21
48 0 1599 0 id=22
48 0 1599 0 id=23
48 0 1599 0 id=24
48 0 1599 0 id=25
48 0 1599 0 id=26
48 0 1599 0 id=27
48 0 1599 0 id=28
48 0 1599 0 id=29
48 0 1599 0 id=30
48 0 1599 0 id=31
49 0 1599 0 id=0
49 0 1599 0 id=1
49 0 1599 0 id=2
49 0 1599 0 id=3
49 0 1599 0 id=4
49 0 1599 0 id=5
49 0 1599 0 id=6
49 0 1599 0 id=7
49 0 1599 0 id=8
49 0 1599 0 id=9
49 0 1599 0 id=10
49 0 1599 0 id=11
49 0 1599 0 id=12
49 0 1599 0 id=13
49 0 1599 0 id=14
49 0 1599 0 id=15
49 0 1599 0 id=16
49 0 1599 0 id=17
49 0 1599 0 id=18
49 0 1599 0 id=19
49 0 1599 5.29 id=20
49 0 1599 0 id=21
49 0 1599 0 id=22
49 0 1599 0 id=23
49 0 1599 0 id=24
49 0 1599 0 id=25
49 0 1599 0 id=26
49 0 1599 0 id=27
49 0 1599 0 id=28
49 0 1599 0 id=29
49 0 1599 0 id=30
49 0 1599 0 id=31
50 0 1599 0 id=0
50 0 1599 0 id=1
50 0 1599 0 id=2
50 0 1599 0 id=3
50 0 1599 0 id=4
50 0 1599 0 id=5
50 0 1599 0 id=6
50 0 1599 0 id=7
50 0 1599 0 id=8
50 0 1599 0 id=9
50 0 1599 0 id=10
50 0 1599 0 id=11
50 0 1599 0 id=12
50 0 1599 0 id=13
50 0 1599 0 id=14
50 0 1599 0 id=15
50 0 1599 0 id=16
50 0 1599 0 id=17
50 0 1599 0 id=18
50 0 1599 0 id=19
50 0 1599 4.81 id=20
50 0 1599 0 id=21
50 0 1599 0 id=22
50 0 1599 0 id=23
50 0 1599 0 id=24
50 0 1599 0 id=25
50 0 1599 0 id=26
50 0 1599 0 id=27
50 0 1599 0 id=28
50 0 1599 0 id=29
50 0 1599 0 id=30
50 0 1599 0 id=31
51 0 1599 0 id=0
51 0 1599 0 id=1
51 0 1599 0 id=2
51 0 1599 0 id=3
51 0 1599 0 id=4
51 0 1599 0 id=5
51 0 1599 0 id=6
51 0 1599 0 id=7
51 0 1599 0 id=8
51 0 1599 0 id=9
51 0 1599 0 id=10
51 0 1599 0 id=11
51 0 1599 0 id=12
51 0 1599 0 id=13
51 0 1599 0 id=14
51 0 1599 0 id=15
51 0 1599 0 id=16
51 0 1599 0 id=17
51 0 1599 0 id=18
51 0 1599 0 id=19
51 0 1599 0 id=20
51 0 1599 0 id=21
51 0 1599 0 id=22
51 0 1599 1.44 id=23
51 0 1599 0 id=24
51 0 1599 0 id=25
51 0 1599 0 id=26
51 0 1599 0 id=27
51 0 1599 0 id=28
51 0 1599 0 id=29
51 0 1599 0 id=30
51 0 1599 0 id=31
52 0 1599 0 id=0
52 0 1599 0 id=1
52 0 1599 0 id=2
52 0 1599 0 id=3
52 0 1599 0 id=4
52 0 1599 0 id=5
52 0 1599 0 id=6
52 0 1599 0 id=7
52 0 1599 0 id=8
52 0 1599 0 id=9
52 0 1599 0 id=10
52 0 1599 0 id=11
52 0 1599 0 id=12
52 0 1599 0 id=13
52 0 1599 0 id=14
52 0 1599 0 id=15
52 0 1599 0 id=16
52 0 1599 0 id=17
52 0 1599 0 id=18
52 0 1599 0 id=19
52 0 1599 0 id=20
52 0 1599 0 id=21
52 0 1599 0 id=22
52 0 1599 0 id=23
52 0 1599 3.52 id=24
52 0 1599 0 id=25
52 0 1599 0 id=26
52 0 1599 0 id=27
52 0 1599 0 id=28
52 0 1599 0 id=29
52 0 1599 0 id=30
52 0 1599 0 id=31
53 0 1599 0 id=0
53 0 1599 0 id=1
53 0 1599 0 id=2
53 0 1599 0 id=3
53 0 1599 0 id=4
53 0 1599 0 id=5
53 0 1599 0 id=6
53 0 1599 0 id=7
53 0 1599 0 id=8
53 0 1599 0 id=9
53 0 1599 0 id=10
53 0 1599 0 id=11
53 0 1599 0 id=12
53 0 1599 0 id=13
53 0 1599 0 id=14
53 0 1599 0 id=15
53 0 1599 0 id=16
53 0 1599 0 id=17
53 0 1599 0 id=18
53 0 1599 0 id=19
53 0 1599 0 id=20
53 0 1599 0 id=21
53 0 1599 0 id=22
53 0 1599 0 id=23
53 0 1599 0 id=24
53 0 1599 0 id=25
53 0 1599 1.1 id=26
53 0 1599 0 id=27
53 0 1599 0 id=28
53 0 1599 0 id=29
53 0 1599 0 id=30
53 0 1599 0 id=31
54 0 1599 0 id=0
54 0 1599 0 id=1
54 0 1599 0 id=2
54 0 1599 0 id=3
54 0 1599 0 id=4
54 0 1599 0 id=5
54 0 1599 0 id=6
54 0 1599 0 id=7
54 0 1599 0 id=8
54 0 1599 0 id=9
54 0 1599 0 id=10
54 0 1599 0 id=11
54 0 1599 0 id=12
54 0 1599 0 id=13
54 0 1599 0 id=14
54 0 1599 0 id=15
54 0 1599 0 id=16
54 0 1599 0 id=17
54 0 1599 0 id=18
54 0 1599 0 id=19
54 0 1599 0 id=20
54 0 1599 0 id=21
54 0 1599 0 id=22
54 0 1599 0 id=23
54 0 1599 0 id=24
54 0 1599 0 id=25
54 0 1599 0 id=26
54 0 1599 0 id=27
54 0 1599 0 id=28
54 0 1599 0 id=29
54 0 1599 1.59 id=30
54 0 1599 0 id=31
55 0 1599 0 id=0
55 0 1599 0 id=1
55 0 1599 0 id=2
55 0 1599 0 id=3
55 0 1599 0 id=4
55 0 1599 0 id=5
55 0 1599 0 id=6
55 0 1599 0 id=7
55 0 1599 0 id=8
55 0 1599 0 id=9
55 0 1599 0 id=10
55 0 1599 0 id=11
55 0 1599 0 id=12
55 0 1599 0 id=13
55 0 1599 0 id=14
55 0 1599 0 id=15
55 0 1599 0 id=16
55 0 1599 0 id=17
55 0 1599 0 id=18
55 0 1599 0 id=19
55 0 1599 0 id=20
55 0 1599 0 id=21
55 0 1599 0 id=22
55 0 1599 0 id=23
55 0 1599 0 id=24
55 0 1599 0 id=25
55 0 1599 0 id=26
55 0 1599 0 id=27
55 0 1599 1.62 id=28
55 0 1599 0 id=29
55 0 1599 0 id=30
55 0 1599 0 id=31
56 0 1599 0 id=0
56 0 1599 0 id=1
56 0 1599 0 id=2
56 0 1599 0 id=3
56 0 1599 0 id=4
56 0 1599 0 id=5
56 0 1599 0 id=6
56 0 1599 0 id=7
56 0 1599 0 id=8
56 0 1599 0 id=9
56 0 1599 0 id=10
56 0 1599 0 id=11
56 0 1599 0 id=12
56 0 1599 0 id=13
56 0 1599 0 id=14
56 0 1599 0 id=15
56 0 1599 0 id=16
56 0 1599 0 id=17
56 0 1599 0 id=18
56 0 1599 0 id=19
56 0 1599 0 id=20
56 0 1599 0 id=21
56 0 1599 0 id=22
56 0 1599 0 id=23
56 0 1599 0 id=24
56 0 1599 0 id=25
56 0 1599 0 id=26
56 0 1599 0 id=27
56 0 1599 0 id=28
56 0 1599 0 id=29
56 0 1599 11.43 id=30
56 0 1599 0 id=31
57 0 1599 0 id=0
57 0 1599 0 id=1
57 0 1599 0 id=2
57 0 1599 0 id=3
57 0 1599 0 id=4
57 0 1599 0 id=5
57 0 1599 0 id=6
57 0 1599 0 id=7
57 0 1599 0 id=8
57 0 1599 0 id=9
57 0 1599 0 id=10
57 0 1599 0 id=11
57 0 1599 0 id=12
57 0 1599 0 id=13
57 0 1599 0 id=14
57 0 1599 0 id=15
57 0 1599 0 id=16
57 0 1599 0 id=17
57 0 1599 0 id=18
57 0 1599 0 id=19
57 0 1599 0 id=20
57 0 1599 0 id=21
57 0 1599 0 id=22
57 0 1599 0 id=23
57 0 1599 0 id=24
57 0 1599 0 id=25
57 0 1599 0 id=26
57 0 1599 0 id=27
57 0 1599 0 id=28
57 0 1599 0 id=29
57 0 1599 0 id=30
57 0 1599 1.63 id=31