AS7 1 1000 5.82
BS2 1 1000 4.92
BS3 1 1000 6.23
BS4 1 1000 11.11
BS5 1 1000 14.17
BS6 1 1000 4.68
BS7 1 1000 12.21
BS8 1 1000 8.4
CS1 1 1000 4.06
CS3 1 1000 4.77
CS4 1 1000 3.72
CS7 1 1000 43.5
DS2 1 1000 5.6
DS3 1 1000 2.57
DS4 1 1000 2.57
DS5 1 1000 6.71
DS6 1 1000 2.23
DS7 1 1000 21.11
AS1 1001 2000 12.2
AS2 1001 2000 1.01
AS3 1001 2000 3.48
AS4 1001 2000 31.74
AS7 1001 2000 4.79
AS8 1001 2000 0.44
BS1 1001 2000 11.73
BS2 1001 2000 10.88
BS3 1001 2000 36.97
BS4 1001 2000 13.95
BS5 1001 2000 5.48
BS6 1001 2000 34.98
BS7 1001 2000 27.72
BS8 1001 2000 24.39
CS1 1001 2000 17.37
CS2 1001 2000 29.01
CS3 1001 2000 43.79
CS4 1001 2000 3.84
CS6 1001 2000 34.1
CS7 1001 2000 10.29
CS8 1001 2000 54.73
DS1 1001 2000 3.21
DS2 1001 2000 44.67
DS3 1001 2000 66.75
DS4 1001 2000 10.17
DS5 1001 2000 8.11
DS6 1001 2000 27.2
DS7 1001 2000 23.36
DS8 1001 2000 69.44
BS4 2001 3000 7.17
BS6 2001 3000 6.94
BS7 2001 3000 9.55
BS8 2001 3000 5.09
CS7 2001 3000 1.18
DS6 2001 3000 10.23
DS8 2001 3000 2.74
BS3 3001 4000 3.36
BS4 3001 4000 12.42
BS5 3001 4000 8.17
BS6 3001 4000 24.65
BS8 3001 4000 7.27
CS1 3001 4000 8.94
CS2 3001 4000 5.88
CS3 3001 4000 3.61
CS6 3001 4000 5.69
CS7 3001 4000 8.38
CS8 3001 4000 22.38
DS3 3001 4000 4.92
DS4 3001 4000 14.64
DS5 3001 4000 1.75
AS7 4001 5000 3.63
BS3 4001 5000 2.41
BS4 4001 5000 4.5
BS7 4001 5000 7.24
BS8 4001 5000 6.33
CS7 4001 5000 7.58
DS2 4001 5000 0.69
DS3 4001 5000 1.51
DS4 4001 5000 3.76
DS6 4001 5000 1.22
DS7 4001 5000 14
DS8 4001 5000 6.06
BS1 5001 6000 15.67
BS3 5001 6000 3.64
BS4 5001 6000 6.51
DS1 5001 6000 18.83
DS2 5001 6000 39.73
DS3 5001 6000 5.11
DS6 5001 6000 36.24
DS8 5001 6000 2.76
AS7 6001 7000 13.19
BS1 6001 7000 16.41
BS2 6001 7000 4.73
BS3 6001 7000 3.24
BS4 6001 7000 4.92
BS5 6001 7000 9.74
BS7 6001 7000 5.16
CS1 6001 7000 4.04
DS1 6001 7000 26.94
DS2 6001 7000 0.66
DS6 6001 7000 2.35
DS7 6001 7000 1.6
DS8 6001 7000 2.14
BS2 7001 8000 16.24
BS5 7001 8000 6.52
BS8 7001 8000 3.06
DS2 7001 8000 1.41
DS4 7001 8000 9.08
BS2 8001 9000 3.72
BS5 8001 9000 4.29
BS5 9001 10000 5.74
BS7 9001 10000 13.24
BS6 10001 11000 3.82
CS2 10001 11000 8.27
CS6 10001 11000 2.85
BS1 11001 12000 4.96
CS3 11001 12000 1.53
DS2 11001 12000 0.81
DS6 11001 12000 2.41
BS1 12001 13000 6.15
DS1 12001 13000 6.04
BS2 13001 14000 5.06
DS8 13001 14000 3.63
BS7 14001 15000 2.72
AS7 15001 16000 3.62
BS1 15001 16000 4.75
DS1 15001 16000 12.25
AS1 16001 17000 20.45
BS6 16001 17000 2.04
CS2 16001 17000 2.65
CS6 16001 17000 2.03
DS5 16001 17000 13.03
AS2 17001 18000 1.96
AS7 17001 18000 8.1
AS8 17001 18000 1.69
BS1 17001 18000 3.93
DS1 17001 18000 8.41
AS7 18001 19000 7.08
DS3 18001 19000 2.61
AS1 19001 20000 4.73
AS3 20001 21000 19.52
AS3 21001 22000 8.43
AS3 22001 23000 6.3
AS3 23001 24000 5.41
AS3 24001 25000 4.68
AS4 25001 26000 3.4
AS5 26001 27000 6.34
AS5 27001 28000 1.88
AS6 28001 29000 0.56
AS1 29001 30000 4.72
AS5 29001 30000 21.37
BS6 29001 30000 4.32
CS2 29001 30000 5.52
CS3 29001 30000 8.06
CS4 29001 30000 4.04
CS6 29001 30000 6.58
DS4 29001 30000 2.84
AS1 30001 31000 19.69
AS2 30001 31000 10.45
AS3 30001 31000 33.62
AS4 30001 31000 17.44
AS5 30001 31000 8.12
AS6 30001 31000 5.48
AS7 30001 31000 15.57
AS8 30001 31000 7.96
BS1 30001 31000 8.7
BS2 30001 31000 16.47
BS3 30001 31000 11.77
BS4 30001 31000 10.37
BS5 30001 31000 18.99
BS6 30001 31000 5.23
BS7 30001 31000 6.55
BS8 30001 31000 10.89
CS1 30001 31000 11.6
CS2 30001 31000 14.9
CS3 30001 31000 9.66
CS4 30001 31000 29.35
CS5 30001 31000 22.35
CS6 30001 31000 13.68
CS7 30001 31000 5.74
CS8 30001 31000 3.91
DS1 30001 31000 11.32
DS2 30001 31000 3.19
DS3 30001 31000 4.42
DS4 30001 31000 22.27
DS5 30001 31000 42.89
DS6 30001 31000 5.4
DS7 30001 31000 7.49
DS8 30001 31000 4.31
AS1 31001 32000 3.41
AS4 31001 32000 21.68
AS1 32001 33000 7.2
AS4 32001 33000 5.74
AS5 32001 33000 1.03
AS6 32001 33000 80.6
AS4 33001 34000 4.09
AS6 33001 34000 0.89
AS2 34001 35000 4.33
AS8 34001 35000 1.78
AS1 35001 36000 3.51
AS3 35001 36000 5.14
AS2 36001 37000 5.87
AS5 36001 37000 3.67
AS6 36001 37000 1.99
AS8 36001 37000 24.52
CS4 36001 37000 3.09
CS7 36001 37000 1.82
AS2 37001 38000 30.23
AS4 37001 38000 1.53
AS5 37001 38000 2.22
AS6 37001 38000 3
AS8 37001 38000 8.76
AS2 38001 39000 35.88
AS4 38001 39000 1.53
AS5 38001 39000 41.73
AS6 38001 39000 1.52
AS8 38001 39000 46.34
BS2 38001 39000 8.65
BS3 38001 39000 3.14
BS8 38001 39000 6.13
CS1 38001 39000 7.84
CS4 38001 39000 4.4
CS7 38001 39000 4.85
CS8 38001 39000 0.84
DS7 38001 39000 1.82
AS2 39001 40000 1.15
AS6 39001 40000 0.73
AS8 39001 40000 1.47
CS4 40001 41000 4.7
CS5 40001 41000 4.04
CS6 40001 41000 2.02
CS8 40001 41000 4.42
DS4 40001 41000 2.78
CS2 41001 42000 5.38
CS3 41001 42000 5
CS6 41001 42000 9.18
CS8 41001 42000 1.13
CS4 42001 43000 4.2
CS5 42001 43000 6.5
CS8 42001 43000 1.16
CS2 43001 44000 3.29
CS3 43001 44000 2.4
CS5 44001 45000 5.69
DS5 44001 45000 2.87
CS5 45001 46000 5.47
DS5 45001 46000 5.92
CS1 46001 47000 6.2
CS1 47001 48000 5.05
CS5 48001 49000 5.91
CS5 49001 50000 5.29
CS5 50001 51000 4.81
CS8 51001 52000 1.44
DS1 52001 53000 3.52
DS3 53001 54000 1.1
DS7 54001 55000 1.59
DS5 55001 56000 1.62
DS7 56001 57000 11.43
DS8 57001 58000 1.63
