ID	Name	AS1	AS2	AS3	AS4	AS5	AS6	AS7	AS8	BS1	BS2	BS3	BS4	BS5	BS6	BS7	BS8	CS1	CS2	CS3	CS4	CS5	CS6	CS7	CS8	DS1	DS2	DS3	DS4	DS5	DS6	DS7	DS8
1	Paracoccus 	0	0	0	0	0	0	5.82	0	0	4.92	6.23	11.11	14.17	4.68	12.21	8.4	4.06	0	4.77	3.72	0	0	43.5	0	0	5.6	2.57	2.57	6.71	2.23	21.11	0
2	Acinetobacter 	12.2	1.01	3.48	31.74	0	0	4.79	0.44	11.73	10.88	36.97	13.95	5.48	34.98	27.72	24.39	17.37	29.01	43.79	3.84	0	34.1	10.29	54.73	3.21	44.67	66.75	10.17	8.11	27.2	23.36	69.44
3	Enhydrobacter	0	0	0	0	0	0	0	0	0	0	0	7.17	0	6.94	9.55	5.09	0	0	0	0	0	0	1.18	0	0	0	0	0	0	10.23	0	2.74
4	Chryseobacterium 	0	0	0	0	0	0	0	0	0	0	3.36	12.42	8.17	24.65	0	7.27	8.94	5.88	3.61	0	0	5.69	8.38	22.38	0	0	4.92	14.64	1.75	0	0	0
5	Microbacterium	0	0	0	0	0	0	3.63	0	0	0	2.41	4.5	0	0	7.24	6.33	0	0	0	0	0	0	7.58	0	0	0.69	1.51	3.76	0	1.22	14	6.06
6	Brevibacterium 	0	0	0	0	0	0	0	0	15.67	0	3.64	6.51	0	0	0	0	0	0	0	0	0	0	0	0	18.83	39.73	5.11	0	0	36.24	0	2.76
7	Streptomyces	0	0	0	0	0	0	13.19	0	16.41	4.73	3.24	4.92	9.74	0	5.16	0	4.04	0	0	0	0	0	0	0	26.94	0.66	0	0	0	2.35	1.6	2.14
8	Kitasatospora	0	0	0	0	0	0	0	0	0	16.24	0	0	6.52	0	0	3.06	0	0	0	0	0	0	0	0	0	1.41	0	9.08	0	0	0	0
9	Rhodococcus	0	0	0	0	0	0	0	0	0	3.72	0	0	4.29	0	0	0	0	0	0	0	0	0	0	0	0	0	0	0	0	0	0	0
10	Georgenia	0	0	0	0	0	0	0	0	0	0	0	0	5.74	0	13.24	0	0	0	0	0	0	0	0	0	0	0	0	0	0	0	0	0
11	Actinokineospora	0	0	0	0	0	0	0	0	0	0	0	0	0	3.82	0	0	0	8.27	0	0	0	2.85	0	0	0	0	0	0	0	0	0	0
12	Corynebacterium	0	0	0	0	0	0	0	0	4.96	0	0	0	0	0	0	0	0	0	1.53	0	0	0	0	0	0	0.81	0	0	0	2.41	0	0
13	Brachybacterium	0	0	0	0	0	0	0	0	6.15	0	0	0	0	0	0	0	0	0	0	0	0	0	0	0	6.04	0	0	0	0	0	0	0
14	Dermacoccus	0	0	0	0	0	0	0	0	0	5.06	0	0	0	0	0	0	0	0	0	0	0	0	0	0	0	0	0	0	0	0	0	3.63
15	Alicyclobacillus	0	0	0	0	0	0	0	0	0	0	0	0	0	0	2.72	0	0	0	0	0	0	0	0	0	0	0	0	0	0	0	0	0
16	Kocuria	0	0	0	0	0	0	3.62	0	4.75	0	0	0	0	0	0	0	0	0	0	0	0	0	0	0	12.25	0	0	0	0	0	0	0
17	Flavobacterium 	20.45	0	0	0	0	0	0	0	0	0	0	0	0	2.04	0	0	0	2.65	0	0	0	2.03	0	0	0	0	0	0	13.03	0	0	0
18	Mycobacterium 	0	1.96	0	0	0	0	8.1	1.69	3.93	0	0	0	0	0	0	0	0	0	0	0	0	0	0	0	8.41	0	0	0	0	0	0	0
19	Prevotella	0	0	0	0	0	0	7.08	0	0	0	0	0	0	0	0	0	0	0	0	0	0	0	0	0	0	0	2.61	0	0	0	0	0
20	Shewanella 	4.73	0	0	0	0	0	0	0	0	0	0	0	0	0	0	0	0	0	0	0	0	0	0	0	0	0	0	0	0	0	0	0
21	Ferrimonas	0	0	19.52	0	0	0	0	0	0	0	0	0	0	0	0	0	0	0	0	0	0	0	0	0	0	0	0	0	0	0	0	0
22	Enterobacter	0	0	8.43	0	0	0	0	0	0	0	0	0	0	0	0	0	0	0	0	0	0	0	0	0	0	0	0	0	0	0	0	0
23	Citrobacter	0	0	6.3	0	0	0	0	0	0	0	0	0	0	0	0	0	0	0	0	0	0	0	0	0	0	0	0	0	0	0	0	0
24	Vibrio	0	0	5.41	0	0	0	0	0	0	0	0	0	0	0	0	0	0	0	0	0	0	0	0	0	0	0	0	0	0	0	0	0
25	Enterococcus	0	0	4.68	0	0	0	0	0	0	0	0	0	0	0	0	0	0	0	0	0	0	0	0	0	0	0	0	0	0	0	0	0
26	Deinococcus	0	0	0	3.4	0	0	0	0	0	0	0	0	0	0	0	0	0	0	0	0	0	0	0	0	0	0	0	0	0	0	0	0
27	Spirosoma	0	0	0	0	6.34	0	0	0	0	0	0	0	0	0	0	0	0	0	0	0	0	0	0	0	0	0	0	0	0	0	0	0
28	Variovorax	0	0	0	0	1.88	0	0	0	0	0	0	0	0	0	0	0	0	0	0	0	0	0	0	0	0	0	0	0	0	0	0	0
29	Xanthobacter	0	0	0	0	0	0.56	0	0	0	0	0	0	0	0	0	0	0	0	0	0	0	0	0	0	0	0	0	0	0	0	0	0
30	Acidovorax 	4.72	0	0	0	21.37	0	0	0	0	0	0	0	0	4.32	0	0	0	5.52	8.06	4.04	0	6.58	0	0	0	0	0	2.84	0	0	0	0
31	Hydrogenophaga	3.41	0	0	21.68	0	0	0	0	0	0	0	0	0	0	0	0	0	0	0	0	0	0	0	0	0	0	0	0	0	0	0	0
32	Oxalobacter	7.2	0	0	5.74	1.03	80.6	0	0	0	0	0	0	0	0	0	0	0	0	0	0	0	0	0	0	0	0	0	0	0	0	0	0
33	Pelomonas	0	0	0	4.09	0	0.89	0	0	0	0	0	0	0	0	0	0	0	0	0	0	0	0	0	0	0	0	0	0	0	0	0	0
34	Labrys	0	4.33	0	0	0	0	0	1.78	0	0	0	0	0	0	0	0	0	0	0	0	0	0	0	0	0	0	0	0	0	0	0	0
35	Klebsiella 	3.51	0	5.14	0	0	0	0	0	0	0	0	0	0	0	0	0	0	0	0	0	0	0	0	0	0	0	0	0	0	0	0	0
36	Sphingomonas	0	5.87	0	0	3.67	1.99	0	24.52	0	0	0	0	0	0	0	0	0	0	0	3.09	0	0	1.82	0	0	0	0	0	0	0	0	0
37	Methylobacterium	0	30.23	0	1.53	2.22	3	0	8.76	0	0	0	0	0	0	0	0	0	0	0	0	0	0	0	0	0	0	0	0	0	0	0	0
38	Novosphingobium  	0	35.88	0	1.53	41.73	1.52	0	46.34	0	8.65	3.14	0	0	0	0	6.13	7.84	0	0	4.4	0	0	4.85	0.84	0	0	0	0	0	0	1.82	0
39	Sphingobium	0	1.15	0	0	0	0.73	0	1.47	0	0	0	0	0	0	0	0	0	0	0	0	0	0	0	0	0	0	0	0	0	0	0	0
40	Leuconostoc	0	0	0	0	0	0	0	0	0	0	0	0	0	0	0	0	0	0	0	4.7	4.04	2.02	0	4.42	0	0	0	2.78	0	0	0	0
41	Kaistella	0	0	0	0	0	0	0	0	0	0	0	0	0	0	0	0	0	5.38	5	0	0	9.18	0	1.13	0	0	0	0	0	0	0	0
42	Cohnella	0	0	0	0	0	0	0	0	0	0	0	0	0	0	0	0	0	0	0	4.2	6.5	0	0	1.16	0	0	0	0	0	0	0	0
43	Curvibacter	0	0	0	0	0	0	0	0	0	0	0	0	0	0	0	0	0	3.29	2.4	0	0	0	0	0	0	0	0	0	0	0	0	0
44	Pedobacter	0	0	0	0	0	0	0	0	0	0	0	0	0	0	0	0	0	0	0	0	5.69	0	0	0	0	0	0	0	2.87	0	0	0
45	Haloanella	0	0	0	0	0	0	0	0	0	0	0	0	0	0	0	0	0	0	0	0	5.47	0	0	0	0	0	0	0	5.92	0	0	0
46	Sphingobacterium  	0	0	0	0	0	0	0	0	0	0	0	0	0	0	0	0	6.2	0	0	0	0	0	0	0	0	0	0	0	0	0	0	0
47	Microcystis 	0	0	0	0	0	0	0	0	0	0	0	0	0	0	0	0	5.05	0	0	0	0	0	0	0	0	0	0	0	0	0	0	0
48	Peptoniphilus	0	0	0	0	0	0	0	0	0	0	0	0	0	0	0	0	0	0	0	0	5.91	0	0	0	0	0	0	0	0	0	0	0
49	Alkaliphilus	0	0	0	0	0	0	0	0	0	0	0	0	0	0	0	0	0	0	0	0	5.29	0	0	0	0	0	0	0	0	0	0	0
50	Arcobacter	0	0	0	0	0	0	0	0	0	0	0	0	0	0	0	0	0	0	0	0	4.81	0	0	0	0	0	0	0	0	0	0	0
51	Riemerella	0	0	0	0	0	0	0	0	0	0	0	0	0	0	0	0	0	0	0	0	0	0	0	1.44	0	0	0	0	0	0	0	0
52	Micrococcus 	0	0	0	0	0	0	0	0	0	0	0	0	0	0	0	0	0	0	0	0	0	0	0	0	3.52	0	0	0	0	0	0	0
53	Atopobium	0	0	0	0	0	0	0	0	0	0	0	0	0	0	0	0	0	0	0	0	0	0	0	0	0	0	1.1	0	0	0	0	0
54	Erythrobacter	0	0	0	0	0	0	0	0	0	0	0	0	0	0	0	0	0	0	0	0	0	0	0	0	0	0	0	0	0	0	1.59	0
55	Streptacidiphilus	0	0	0	0	0	0	0	0	0	0	0	0	0	0	0	0	0	0	0	0	0	0	0	0	0	0	0	0	1.62	0	0	0
56	Streptococcus	0	0	0	0	0	0	0	0	0	0	0	0	0	0	0	0	0	0	0	0	0	0	0	0	0	0	0	0	0	0	11.43	0
57	Leucobacter	0	0	0	0	0	0	0	0	0	0	0	0	0	0	0	0	0	0	0	0	0	0	0	0	0	0	0	0	0	0	0	1.63
58	Leptothrix	0	0	0	0	0	0	0	0	0	0	0	0	0	0	0	0	0	0	0	0	0	0	0	0	0	0	0	0	0	0	0	0
59	Rubrivivax	0	0	0	0	0	0	0	0	0	0	0	0	0	0	0	0	0	0	0	0	0	0	0	0	0	0	0	0	0	0	0	0
60	Acidiphilium	0	0	0	0	0	0	0	0	0	0	0	0	0	0	0	0	0	0	0	0	0	0	0	0	0	0	0	0	0	0	0	0
61	Propionicimonas	0	0	0	0	0	0	0	0	0	0	0	0	0	0	0	0	0	0	0	0	0	0	0	0	0	0	0	0	0	0	0	0
62	Arcanobacterium	0	0	0	0	0	0	0	0	0	0	0	0	0	0	0	0	0	0	0	0	0	0	0	0	0	0	0	0	0	0	0	0
63	Escherichia	0	0	0	0	0	0	0	0	0	0	0	0	0	0	0	0	0	0	0	0	0	0	0	0	0	0	0	0	0	0	0	0
64	Halomonas	0	0	0	0	0	0	0	0	0	0	0	0	0	0	0	0	0	0	0	0	0	0	0	0	0	0	0	0	0	0	0	0
65	Amaricoccus	0	0	0	0	0	0	0	0	0	0	0	0	0	0	0	0	0	0	0	0	0	0	0	0	0	0	0	0	0	0	0	0
66	Aeromicrobium	0	0	0	0	0	0	0	0	0	0	0	0	0	0	0	0	0	0	0	0	0	0	0	0	0	0	0	0	0	0	0	0
67	Oerskovia	0	0	0	0	0	0	0	0	0	0	0	0	0	0	0	0	0	0	0	0	0	0	0	0	0	0	0	0	0	0	0	0
68	Anaerolinea	0	0	0	0	0	0	0	0	0	0	0	0	0	0	0	0	0	0	0	0	0	0	0	0	0	0	0	0	0	0	0	0
69	Nocardioides	0	0	0	0	0	0	0	0	0	0	0	0	0	0	0	0	0	0	0	0	0	0	0	0	0	0	0	0	0	0	0	0
70	Microlunatus	0	0	0	0	0	0	0	0	0	0	0	0	0	0	0	0	0	0	0	0	0	0	0	0	0	0	0	0	0	0	0	0
71	Actinoallomurus	0	0	0	0	0	0	0	0	0	0	0	0	0	0	0	0	0	0	0	0	0	0	0	0	0	0	0	0	0	0	0	0
72	Demequina	0	0	0	0	0	0	0	0	0	0	0	0	0	0	0	0	0	0	0	0	0	0	0	0	0	0	0	0	0	0	0	0
73	Limnohabitans	0	0	0	0	0	0	0	0	0	0	0	0	0	0	0	0	0	0	0	0	0	0	0	0	0	0	0	0	0	0	0	0
74	Heliorestis	0	0	0	0	0	0	0	0	0	0	0	0	0	0	0	0	0	0	0	0	0	0	0	0	0	0	0	0	0	0	0	0
75	Erwinia	0	0	0	0	0	0	0	0	0	0	0	0	0	0	0	0	0	0	0	0	0	0	0	0	0	0	0	0	0	0	0	0
76	Pseudomonas	0	0	0	0	0	0	0	0	0	0	0	0	0	0	0	0	0	0	0	0	0	0	0	0	0	0	0	0	0	0	0	0
77	Vogesella	0	0	0	0	0	0	0	0	0	0	0	0	0	0	0	0	0	0	0	0	0	0	0	0	0	0	0	0	0	0	0	0
78	Sanguibacter	0	0	0	0	0	0	0	0	0	0	0	0	0	0	0	0	0	0	0	0	0	0	0	0	0	0	0	0	0	0	0	0
79	Curtobacterium	0	0	0	0	0	0	0	0	0	0	0	0	0	0	0	0	0	0	0	0	0	0	0	0	0	0	0	0	0	0	0	0
80	Ramlibacter	0	0	0	0	0	0	0	0	0	0	0	0	0	0	0	0	0	0	0	0	0	0	0	0	0	0	0	0	0	0	0	0
81	Rhodobacter	0	0	0	0	0	0	0	0	0	0	0	0	0	0	0	0	0	0	0	0	0	0	0	0	0	0	0	0	0	0	0	0
82	Xanthomonas	0	0	0	0	0	0	0	0	0	0	0	0	0	0	0	0	0	0	0	0	0	0	0	0	0	0	0	0	0	0	0	0
83	Giesbergeria	0	0	0	0	0	0	0	0	0	0	0	0	0	0	0	0	0	0	0	0	0	0	0	0	0	0	0	0	0	0	0	0
84	Bartonella	0	0	0	0	0	0	0	0	0	0	0	0	0	0	0	0	0	0	0	0	0	0	0	0	0	0	0	0	0	0	0	0
85	Micromonospora	0	0	0	0	0	0	0	0	0	0	0	0	0	0	0	0	0	0	0	0	0	0	0	0	0	0	0	0	0	0	0	0